915 8
257 0.323704 0.191221 0.110598 -0.27322 -0.396939 -0.292749 -3.07366 -3.08767
497 0.330267 0.131166 0.0476842 -0.132923 -0.485773 -0.332062 -3.22813 -3.19621
651 0.310377 0.121738 0.200906 -0.299097 -0.549604 -0.345589 -3.24965 -3.37368
599 0.294242 0.158489 0.171009 -0.262048 -0.669723 -0.433539 -3.2747 -3.35625
481 0.330608 0.225947 0.15204 -0.227958 -0.61183 -0.374606 -3.21772 -3.16391
65 0.348711 0.17287 0.149269 -0.129678 -0.642267 -0.335571 -3.15475 -3.27351
642 0.28956 0.0872549 0.10601 -0.262132 -0.517372 -0.311469 -3.20302 -3.3083
316 0.193812 0.141437 0.167823 -0.293851 -0.631326 -0.429241 -3.23461 -3.32704
292 0.507405 0.296569 0.11063 -0.0757716 -0.653916 -0.396815 -3.14613 -3.17799
8 0.369293 0.186751 0.0894803 -0.196392 -0.461697 -0.308312 -3.17849 -3.21174
451 0.26875 0.154944 0.174635 -0.258782 -0.530648 -0.341811 -3.25885 -3.25778
893 0.323574 0.115439 0.0720049 -0.23908 -0.516933 -0.299369 -3.22473 -3.24169
120 0.242226 0.0310602 0.0756011 -0.209005 -0.431997 -0.208894 -3.20866 -3.14268
754 0.320554 0.205152 0.108414 -0.232892 -0.279695 -0.25655 -3.10579 -3.10509
639 0.265493 0.114153 0.146367 -0.269553 -0.410425 -0.266758 -3.33542 -3.2123
410 0.327651 0.0887481 0.0647244 -0.225412 -0.29378 -0.274088 -3.2104 -3.22756
176 0.231653 0.208559 0.116239 -0.265271 -0.433765 -0.280155 -3.22344 -3.27097
16 0.290515 0.0855268 0.144925 -0.106586 -0.532202 -0.348557 -3.2089 -3.18845
742 0.319759 0.0630157 0.126745 -0.195958 -0.458925 -0.301407 -3.21374 -3.23306
536 0.388472 0.258252 0.164095 -0.256558 -0.412915 -0.277143 -3.27934 -3.21332
508 0.463403 0.200518 0.171622 -0.272238 -0.401355 -0.314555 -3.26888 -3.2992
661 0.343957 0.16337 0.15679 -0.235038 -0.482864 -0.195599 -3.30103 -3.34318
359 0.32733 0.118436 0.122783 -0.203516 -0.446803 -0.317588 -3.23574 -3.12615
659 0.282036 0.234936 0.161702 -0.223435 -0.566566 -0.380423 -3.33896 -3.26308
748 0.328523 0.162976 0.0658237 -0.210978 -0.550067 -0.389556 -3.20467 -3.19831
48 0.237719 0.12692 0.15426 -0.15908 -0.444296 -0.357812 -3.31119 -3.21475
394 0.386204 0.185008 0.112178 -0.267467 -0.520385 -0.36841 -3.29142 -3.29056
577 0.249199 0.09946 0.306737 -0.277356 -0.470003 -0.35744 -3.23967 -3.36644
385 0.150304 0.144495 0.165494 -0.262303 -0.494677 -0.432192 -3.22575 -3.25802
626 0.228813 0.136008 0.0994556 -0.21989 -0.453641 -0.275431 -3.20419 -3.25915
215 0.380005 0.115192 0.146355 -0.202081 -0.564934 -0.365969 -3.21529 -3.21817
165 0.263924 0.163822 0.0912527 -0.164997 -0.736345 -0.431664 -3.18454 -3.33101
235 0.244365 0.192645 0.147102 -0.185143 -0.532323 -0.292713 -3.23841 -3.26159
141 0.356049 0.152986 0.0825734 -0.157059 -0.493451 -0.195224 -3.22863 -3.22755
57 0.40172 0.146916 0.191505 -0.230707 -0.639747 -0.346792 -3.19076 -3.2679
371 0.297853 0.112115 0.172406 -0.210435 -0.594522 -0.320222 -3.2802 -3.30238
377 0.331874 0.0959797 0.0764113 -0.259392 -0.480812 -0.367541 -3.3459 -3.29883
421 0.387411 0.16323 0.244313 -0.283255 -0.572203 -0.353204 -3.3153 -3.351
832 0.403181 0.128049 0.146391 -0.267309 -0.56554 -0.320593 -3.29856 -3.29281
400 0.388374 0.214249 0.127757 -0.354925 -0.639151 -0.379379 -3.33581 -3.33276
679 0.240589 0.0861573 0.148505 -0.276612 -0.294367 -0.236587 -3.25303 -3.26618
194 0.223778 0.142995 0.11097 -0.118884 -0.491692 -0.365592 -3.16656 -3.20106
272 0.422995 0.127273 0.0926316 -0.288292 -0.541097 -0.344695 -3.36984 -3.38907
733 0.384631 0.173326 0.219438 -0.211665 -0.459384 -0.271382 -3.19207 -3.26744
340 0.364093 0.100015 0.149411 -0.24639 -0.608006 -0.384629 -3.21693 -3.28432
462 0.448303 0.26962 0.12097 -0.348167 -0.368184 -0.211939 -3.1358 -3.20758
123 0.294079 0.228838 0.0368832 -0.175133 -0.594646 -0.432944 -3.25802 -3.23069
579 0.35736 0.140361 0.127569 -0.266275 -0.626234 -0.414967 -3.22196 -3.12681
209 0.264022 0.149852 0.0779986 -0.0896688 -0.701653 -0.358651 -3.12176 -3.25542
378 0.366101 0.197823 0.110237 -0.371817 -0.564585 -0.350124 -3.27835 -3.31857
507 0.396201 0.196328 0.139716 -0.26504 -0.544267 -0.440045 -3.24164 -3.22702
592 0.348694 0.172015 0.115913 -0.262291 -0.588363 -0.415339 -3.181 -3.2021
695 0.358276 0.233649 0.22148 -0.215135 -0.506587 -0.375044 -3.2654 -3.36588
892 0.31506 0.145841 0.135731 -0.179347 -0.584491 -0.389211 -3.23577 -3.33389
298 0.37036 0.130265 0.108791 -0.157545 -0.551887 -0.35274 -3.24893 -3.32238
885 0.363541 0.0601144 0.0559367 -0.203024 -0.567271 -0.435435 -3.23892 -3.30708
735 0.401965 0.208558 0.0606103 -0.141272 -0.484859 -0.397908 -3.24378 -3.19063
496 0.391395 0.200495 0.0810921 -0.200458 -0.527651 -0.303141 -3.11989 -3.24099
389 0.19485 0.0383141 0.150805 -0.238359 -0.414776 -0.24163 -3.25556 -3.21026
204 0.215545 0.0758648 0.103857 -0.23134 -0.697009 -0.393361 -3.27238 -3.23208
901 0.410715 0.180941 0.159339 -0.209176 -0.533101 -0.361855 -3.18623 -3.17202
308 0.365624 0.173886 0.150871 -0.201673 -0.57983 -0.42504 -3.34238 -3.40862
449 0.352225 0.150593 0.132894 -0.124608 -0.399003 -0.287449 -3.18279 -3.25441
364 0.337796 0.202968 0.189262 -0.31054 -0.49034 -0.351205 -3.2037 -3.31336
361 0.356221 0.122256 0.10529 -0.204623 -0.514117 -0.265257 -3.13935 -3.20251
157 0.382495 0.192552 0.180399 -0.385913 -0.340062 -0.322462 -3.117 -3.10774
444 0.34671 0.138025 0.177642 -0.281737 -0.54758 -0.312778 -3.2276 -3.33766
658 0.333249 0.163478 0.118757 -0.299405 -0.598287 -0.319336 -3.24211 -3.27232
136 0.459175 0.197126 0.135782 -0.277944 -0.447513 -0.418086 -3.23767 -3.28094
823 0.402497 0.142341 0.0440296 -0.144346 -0.658619 -0.443071 -3.26079 -3.17986
768 0.363979 0.146328 0.148618 -0.157563 -0.687547 -0.369159 -3.17301 -3.22608
258 0.326199 0.282304 0.146063 -0.185759 -0.529697 -0.349375 -3.06578 -3.18385
404 0.32823 0.113541 0.115317 -0.25299 -0.579715 -0.426415 -3.25069 -3.25863
273 0.46792 0.229073 0.0906367 -0.250117 -0.621298 -0.375056 -3.22084 -3.24587
312 0.39772 0.270688 0.200283 -0.270841 -0.429045 -0.32392 -3.25095 -3.23981
88 0.18151 0.159267 0.13915 -0.187928 -0.539464 -0.384248 -3.24279 -3.31561
692 0.517217 0.267108 0.140005 -0.165868 -0.584456 -0.368848 -3.19763 -3.25505
609 0.439504 0.264711 -0.0207051 -0.129853 -0.575139 -0.340357 -3.17668 -3.2328
267 0.426285 0.17155 0.0678186 -0.158453 -0.382673 -0.310677 -3.2292 -3.23619
526 0.352188 0.171752 0.114943 -0.253555 -0.473781 -0.396253 -3.20842 -3.19827
811 0.421664 0.27393 0.207508 -0.175166 -0.547939 -0.289182 -3.3079 -3.27336
816 0.36808 0.213686 0.177451 -0.104265 -0.503897 -0.334609 -3.093 -3.18055
707 0.325505 0.229693 0.164305 -0.230593 -0.598209 -0.409486 -3.23333 -3.26123
263 0.255499 0.172141 0.132693 -0.374172 -0.521858 -0.340274 -3.28218 -3.31982
792 0.281394 0.0800454 0.172389 -0.185872 -0.602965 -0.397374 -3.22006 -3.20724
262 0.304655 0.0570737 0.197852 -0.191113 -0.465251 -0.382992 -3.11612 -3.13649
341 0.318301 0.0695625 0.177978 -0.185678 -0.562332 -0.38144 -3.2405 -3.28319
912 0.370254 0.158893 0.0810113 -0.259411 -0.479417 -0.361195 -3.22113 -3.33234
532 0.266966 0.151566 0.146025 -0.227958 -0.553876 -0.323519 -3.19361 -3.15239
596 0.159388 0.143136 0.132049 -0.284312 -0.527725 -0.317808 -3.11999 -3.21619
549 0.291619 0.181636 0.158335 -0.263464 -0.448791 -0.277837 -3.29023 -3.23694
80 0.247202 0.204001 0.114841 -0.29784 -0.498279 -0.319188 -3.23677 -3.28699
898 0.405275 0.195105 0.121518 -0.164405 -0.568085 -0.431049 -3.33328 -3.23443
56 0.318659 0.171603 0.0907484 -0.22547 -0.656622 -0.394162 -3.27851 -3.20895
266 0.332713 0.182567 0.0945986 -0.163616 -0.516693 -0.327315 -3.22085 -3.16079
226 0.446228 0.171606 0.138796 -0.312326 -0.566793 -0.343372 -3.29575 -3.2729
399 0.29025 0.153566 0.143444 -0.216542 -0.476109 -0.346872 -3.19611 -3.22689
709 0.346522 0.102948 0.136764 -0.248252 -0.687595 -0.429743 -3.24045 -3.26278
535 0.344698 0.221014 0.221056 -0.222448 -0.572513 -0.408979 -3.13204 -3.29362
0 0.288876 0.0782288 0.17198 -0.329526 -0.424897 -0.237782 -3.27812 -3.16377
74 0.357065 0.108277 0.061598 -0.196565 -0.603429 -0.371149 -3.20346 -3.2662
463 0.328412 0.215741 0.126245 -0.269571 -0.608729 -0.321976 -3.22225 -3.28562
571 0.291226 0.22298 0.144126 -0.225324 -0.534044 -0.35128 -3.24065 -3.24251
211 0.267902 0.213272 0.187891 -0.213564 -0.602221 -0.36341 -3.20946 -3.25206
745 0.283364 0.218438 0.148155 -0.2724 -0.568824 -0.459739 -3.08285 -3.14316
342 0.230017 0.122092 0.0992143 -0.247084 -0.638925 -0.45058 -3.1589 -3.17516
381 0.372696 0.159552 0.147194 -0.267397 -0.499121 -0.332384 -3.16973 -3.17201
637 0.414751 0.202349 0.0492588 -0.127059 -0.625333 -0.317866 -3.06639 -3.1418
83 0.408056 0.198164 0.219628 -0.193851 -0.691936 -0.423975 -3.29835 -3.30648
203 0.350253 0.0897965 0.104459 -0.167347 -0.554093 -0.291936 -3.16989 -3.18185
541 0.301597 0.160855 0.0814411 -0.127115 -0.548052 -0.348281 -3.30775 -3.37214
161 0.27276 0.0979247 0.208006 -0.23804 -0.564988 -0.43263 -3.27029 -3.2946
815 0.313652 0.0960104 0.147723 -0.199822 -0.651961 -0.366502 -3.16559 -3.19141
775 0.307492 0.10512 0.154539 -0.191242 -0.586163 -0.345314 -3.3399 -3.21057
610 0.348131 0.110249 0.173031 -0.248734 -0.561353 -0.373347 -3.16242 -3.16614
118 0.413154 0.218359 0.121038 -0.192378 -0.515237 -0.433252 -3.18139 -3.21526
848 0.312472 0.161553 0.122323 -0.200275 -0.522398 -0.250285 -3.32619 -3.26347
803 0.306645 0.196877 0.179595 -0.293414 -0.527517 -0.303834 -3.25496 -3.13452
216 0.279553 0.19813 0.152403 -0.21637 -0.562495 -0.321185 -3.14903 -3.18118
175 0.298861 0.198094 0.0687159 -0.155257 -0.478488 -0.3132 -3.10802 -3.23861
785 0.464557 0.121803 0.0510189 -0.161042 -0.656447 -0.443857 -3.26061 -3.29526
24 0.36359 0.168702 0.156769 -0.216832 -0.610152 -0.3723 -3.26381 -3.31335
523 0.393833 0.135024 0.216798 -0.248152 -0.495998 -0.307321 -3.1438 -3.1202
287 0.405492 0.243804 0.104883 -0.148673 -0.593417 -0.448651 -3.215 -3.15965
706 0.414788 0.141131 0.0172648 -0.139605 -0.688973 -0.413174 -3.27279 -3.33057
903 0.346925 0.0742573 0.0907496 -0.0939223 -0.519074 -0.38105 -3.12532 -3.22697
519 0.430937 0.169519 0.203819 -0.25923 -0.432483 -0.210123 -3.34403 -3.38225
284 0.3752 0.226378 0.153973 -0.200209 -0.467103 -0.376195 -3.2718 -3.29945
649 0.314394 0.160062 0.125087 -0.166949 -0.527096 -0.336654 -3.08141 -3.1711
856 0.459386 0.224186 0.110393 -0.164828 -0.497864 -0.407406 -3.0947 -3.09016
796 0.354702 0.191092 0.14704 -0.323029 -0.604039 -0.444557 -3.23553 -3.29134
684 0.390401 0.227175 0.087545 -0.138038 -0.588195 -0.297441 -3.12761 -3.21381
152 0.394443 0.167406 0.120439 -0.150386 -0.651967 -0.430518 -3.21794 -3.26225
784 0.39416 0.1883 0.187631 -0.313707 -0.419209 -0.277941 -3.29995 -3.39948
557 0.233529 0.127329 0.122493 -0.289535 -0.389459 -0.254343 -3.16661 -3.30186
827 0.343432 0.223348 0.0937237 -0.110131 -0.476416 -0.291017 -3.26419 -3.36604
791 0.324014 0.162414 0.135667 -0.220733 -0.523565 -0.390669 -3.23949 -3.22369
2 0.185797 0.159194 0.0963577 -0.260435 -0.424596 -0.386798 -3.30459 -3.31389
97 0.302475 0.0613717 0.229032 -0.256492 -0.41487 -0.327503 -3.27058 -3.27037
565 0.396088 0.240864 0.165602 -0.279558 -0.55187 -0.27279 -3.29503 -3.3521
319 0.318867 0.158409 0.114884 -0.245761 -0.428297 -0.316264 -3.10541 -3.17262
167 0.261593 0.149505 0.209689 -0.246393 -0.355534 -0.202593 -3.2764 -3.21136
159 0.35766 0.207231 0.196111 -0.179283 -0.467796 -0.341057 -3.24709 -3.20064
818 0.372427 0.172555 0.0841475 -0.2085 -0.582293 -0.362578 -3.16348 -3.25802
19 0.400874 0.250265 0.129298 -0.171076 -0.455373 -0.389617 -3.19886 -3.30694
566 0.422811 0.218272 0.00553659 -0.114951 -0.665561 -0.360913 -3.17474 -3.17943
417 0.251711 0.122524 0.169762 -0.173699 -0.506793 -0.311994 -3.24542 -3.31271
487 0.321104 0.173364 0.0973501 -0.152466 -0.361954 -0.214322 -3.15553 -3.21362
276 0.294253 0.162108 0.26032 -0.322583 -0.450168 -0.34838 -3.15765 -3.23667
431 0.314797 0.163496 0.0687356 -0.207402 -0.482689 -0.368444 -3.22546 -3.17908
694 0.30325 0.17435 0.157628 -0.161914 -0.520104 -0.387792 -3.19727 -3.15944
710 0.187745 0.160956 0.187257 -0.249775 -0.506344 -0.30178 -3.1965 -3.20777
760 0.393598 0.300525 0.184558 -0.237781 -0.490001 -0.408885 -3.13079 -3.20121
303 0.285519 0.121791 0.0661033 -0.222811 -0.56038 -0.304044 -3.29982 -3.23633
58 0.336366 0.107524 0.128154 -0.246784 -0.467447 -0.281919 -3.17348 -3.15214
237 0.375771 0.151202 0.146025 -0.292933 -0.514063 -0.371589 -3.23349 -3.25318
390 0.361043 0.180047 0.202651 -0.456167 -0.417725 -0.34588 -3.36668 -3.32458
282 0.425034 0.220979 0.0906786 -0.312194 -0.602725 -0.362545 -3.24504 -3.23988
232 0.297319 0.180014 0.162003 -0.243812 -0.306162 -0.262359 -3.33158 -3.39117
238 0.347306 0.193166 0.0779445 -0.158767 -0.656529 -0.36988 -3.16085 -3.22749
591 0.384567 0.137804 0.181483 -0.22055 -0.545429 -0.434992 -3.24989 -3.12345
244 0.294069 0.240684 0.0892684 -0.316516 -0.548511 -0.405118 -3.29794 -3.25407
150 0.332158 0.0932084 0.0294632 -0.13656 -0.558091 -0.382371 -3.262 -3.23378
686 0.377853 0.154362 0.0921804 -0.224735 -0.560807 -0.305063 -3.27267 -3.21588
618 0.343862 0.212852 0.153901 -0.229734 -0.589433 -0.409686 -3.17047 -3.27659
9 0.322189 0.0767958 0.132317 -0.134525 -0.529202 -0.239084 -3.23887 -3.22837
227 0.356778 0.19668 0.0346187 -0.203034 -0.541552 -0.320285 -3.30292 -3.27733
588 0.418489 0.278564 0.163676 -0.382892 -0.530725 -0.402311 -3.27906 -3.37049
111 0.381405 0.147939 0.106484 -0.228496 -0.536651 -0.350531 -3.21985 -3.30005
426 0.297329 0.178475 0.245636 -0.291126 -0.517118 -0.355572 -3.22383 -3.30111
27 0.385913 0.182819 0.0935836 -0.238088 -0.558976 -0.369183 -3.18893 -3.23825
382 0.35555 0.224218 0.126534 -0.15648 -0.619614 -0.360716 -3.16023 -3.20604
260 0.239443 0.0327773 0.151084 -0.281937 -0.323897 -0.27679 -3.09733 -3.12656
201 0.30369 0.114912 0.235849 -0.318 -0.46075 -0.308336 -3.33167 -3.26539
427 0.311549 0.18021 0.100274 -0.101015 -0.4613 -0.311839 -3.17137 -3.25343
396 0.280604 0.0980573 0.126657 -0.280479 -0.481223 -0.373419 -3.17869 -3.24313
289 0.358107 0.194283 0.149967 -0.2852 -0.464308 -0.470027 -3.39993 -3.35437
372 0.382325 0.248384 0.187438 -0.24902 -0.57645 -0.356069 -3.28551 -3.1855
442 0.267331 0.115121 0.0808305 -0.285921 -0.302347 -0.120364 -3.18173 -3.31512
325 0.27486 0.230836 0.121063 -0.241468 -0.497097 -0.315561 -3.23864 -3.32835
354 0.309473 0.113274 0.0647144 -0.255855 -0.530237 -0.350862 -3.21435 -3.27337
673 0.306748 0.187361 0.131137 -0.312806 -0.518698 -0.3883 -3.17428 -3.18722
149 0.331422 0.17408 0.188158 -0.219342 -0.625149 -0.382653 -3.11897 -3.18442
423 0.409187 0.14242 0.159932 -0.241604 -0.495595 -0.339375 -3.27952 -3.36015
731 0.475146 0.129838 0.0220032 -0.224861 -0.561528 -0.4042 -3.21061 -3.26618
181 0.340522 0.0354296 0.137021 -0.340806 -0.497167 -0.395555 -3.38568 -3.41526
563 0.332917 0.129986 0.121241 -0.145829 -0.568025 -0.346173 -3.25097 -3.2069
900 0.320356 0.142492 0.107755 -0.171338 -0.575252 -0.402613 -3.28913 -3.3041
112 0.472152 0.253314 0.0932567 -0.181149 -0.62462 -0.319331 -3.24264 -3.33038
392 0.283035 0.156745 0.103982 -0.133855 -0.45842 -0.317992 -3.1786 -3.2136
668 0.32743 0.143183 0.170547 -0.260519 -0.614075 -0.347655 -3.27038 -3.40196
843 0.368845 0.225317 0.0141934 -0.132776 -0.586171 -0.403669 -3.26556 -3.25518
121 0.315335 0.133049 0.130838 -0.182226 -0.593058 -0.323698 -3.18404 -3.30958
476 0.342664 0.162164 0.193617 -0.221845 -0.576392 -0.377927 -3.28017 -3.24652
104 0.239982 0.109023 0.120346 -0.258841 -0.513369 -0.27315 -3.16046 -3.29067
511 0.39439 0.105406 0.0928994 -0.188567 -0.645679 -0.316481 -3.22595 -3.2507
242 0.276708 0.109638 0.224541 -0.300242 -0.423687 -0.324255 -3.23795 -3.18656
794 0.363957 0.2539 0.146774 -0.240904 -0.501941 -0.401117 -3.27365 -3.25402
391 0.238464 0.217299 0.0473368 -0.225106 -0.548318 -0.316882 -3.12901 -3.10403
755 0.217319 0.0911093 0.0842124 -0.173591 -0.708346 -0.421735 -3.30522 -3.26554
274 0.372689 0.249479 0.156101 -0.287911 -0.523754 -0.424004 -3.17975 -3.31074
456 0.239632 0.195319 0.184678 -0.213249 -0.418686 -0.224755 -3.20509 -3.21724
466 0.393765 0.159513 0.00214984 -0.209473 -0.509297 -0.428869 -3.28629 -3.28315
13 0.37377 0.218983 0.0810973 -0.267376 -0.58175 -0.360963 -3.21459 -3.2877
412 0.233282 0.137392 0.089289 -0.244657 -0.49049 -0.358512 -3.22818 -3.28255
561 0.3352 0.201693 0.136109 -0.203251 -0.561288 -0.434406 -3.18827 -3.19623
839 0.255302 0.163787 0.0741692 -0.158247 -0.525022 -0.302159 -3.1551 -3.18085
887 0.397727 0.214795 0.0605676 -0.115027 -0.587519 -0.385366 -3.2149 -3.19046
806 0.31614 0.160284 0.0769341 -0.152787 -0.560449 -0.394501 -3.16336 -3.23375
225 0.286405 0.186713 -0.00903885 -0.164319 -0.583451 -0.299754 -3.2232 -3.21269
199 0.495487 0.279876 0.0937947 -0.245932 -0.567486 -0.333456 -3.10461 -3.17379
739 0.342082 0.230068 0.171926 -0.15668 -0.593508 -0.431369 -3.13015 -3.22274
291 0.3524 0.258862 0.106211 -0.246745 -0.515306 -0.42564 -3.19988 -3.13239
32 0.26594 0.14235 0.0515811 -0.167179 -0.414146 -0.329831 -3.23502 -3.17059
388 0.401103 0.214621 0.163926 -0.282845 -0.426925 -0.333589 -3.2525 -3.23512
131 0.393453 0.214093 0.0690498 -0.180849 -0.591757 -0.425905 -3.2282 -3.24165
64 0.419265 0.176977 0.109224 -0.228642 -0.574119 -0.381424 -3.20867 -3.28724
51 0.21634 0.101394 0.00722997 -0.14052 -0.276676 -0.211994 -3.04755 -2.99182
408 0.401509 0.210825 0.0574465 -0.13958 -0.537692 -0.362989 -3.067 -3.1716
12 0.313294 0.135578 0.0737758 -0.215616 -0.648276 -0.439774 -3.2828 -3.19359
26 0.339384 0.13045 0.106246 -0.27627 -0.643062 -0.374759 -3.20555 -3.23227
332 0.280537 0.129075 0.128465 -0.195136 -0.53682 -0.414194 -3.20319 -3.20647
436 0.397827 0.153431 0.214525 -0.232595 -0.443525 -0.35577 -3.27538 -3.15961
761 0.340463 0.126958 0.146855 -0.202708 -0.551781 -0.263323 -3.23776 -3.24997
401 0.232523 0.179723 0.0955176 -0.151798 -0.270194 -0.211804 -3.05957 -3.02013
683 0.275918 0.208119 0.11849 -0.162465 -0.623641 -0.418821 -3.17619 -3.22583
229 0.399952 0.18143 0.161332 -0.203077 -0.326666 -0.147858 -3.27542 -3.33669
824 0.304391 0.236557 0.173473 -0.387947 -0.462022 -0.385907 -3.29274 -3.21819
736 0.322817 0.197331 0.147477 -0.204131 -0.551618 -0.350558 -3.3501 -3.32637
213 0.310681 0.16082 0.188684 -0.172172 -0.560955 -0.390324 -3.25454 -3.30411
55 0.485492 0.186036 0.13317 -0.161926 -0.529071 -0.400852 -3.2632 -3.19282
712 0.395792 0.0912889 0.0454505 -0.205245 -0.638628 -0.34603 -3.22567 -3.27153
41 0.301049 0.101019 0.169475 -0.189371 -0.443517 -0.283363 -3.21475 -3.28007
650 0.331803 0.160563 0.0880439 -0.267832 -0.618842 -0.457932 -3.32172 -3.34212
590 0.288042 0.135848 0.124274 -0.230155 -0.451912 -0.301444 -3.20592 -3.30962
331 0.486249 0.168285 0.125659 -0.226886 -0.463677 -0.424449 -3.18138 -3.29745
477 0.376045 0.232865 0.0880729 -0.188315 -0.4468 -0.285348 -3.24577 -3.33528
184 0.349745 0.163695 0.151293 -0.126441 -0.584251 -0.39691 -3.28589 -3.2173
632 0.366982 0.181024 0.160122 -0.21587 -0.442762 -0.215817 -3.32198 -3.21705
730 0.342787 0.253076 0.252422 -0.201121 -0.483145 -0.390004 -3.29376 -3.18481
344 0.366338 0.160741 0.0673079 -0.154258 -0.53838 -0.233739 -3.19711 -3.18737
500 0.261808 0.112032 0.176398 -0.239254 -0.499858 -0.322896 -3.11954 -3.24215
193 0.329564 0.246993 0.11782 -0.229321 -0.547899 -0.35953 -3.19108 -3.26012
337 0.257276 0.147395 0.154532 -0.276412 -0.42326 -0.342883 -3.14134 -3.18148
758 0.401879 0.186063 0.112076 -0.279228 -0.529119 -0.451641 -3.28556 -3.31161
432 0.233088 0.0821107 0.180723 -0.27322 -0.528713 -0.392926 -3.27064 -3.28081
564 0.29943 0.132927 0.166645 -0.311964 -0.442415 -0.31181 -3.23995 -3.23621
764 0.277832 0.149607 0.155156 -0.339798 -0.612746 -0.463861 -3.32089 -3.26323
36 0.396468 0.182741 0.111737 -0.186384 -0.535347 -0.340495 -3.27642 -3.23875
582 0.390387 0.212432 0.146931 -0.194949 -0.46558 -0.354292 -3.15651 -3.19443
711 0.375951 0.223803 0.111441 -0.142816 -0.556474 -0.398828 -3.21816 -3.33427
603 0.33288 0.149928 0.097057 -0.0689032 -0.547102 -0.397294 -3.1632 -3.08037
608 0.318753 0.242964 0.173779 -0.213324 -0.596702 -0.367582 -3.18854 -3.25796
586 0.351824 0.18222 0.115387 -0.137279 -0.64555 -0.375941 -3.23993 -3.27595
210 0.219968 0.144478 0.109444 -0.170698 -0.488499 -0.346026 -3.2704 -3.21191
445 0.223027 0.152256 0.115133 -0.248524 -0.416693 -0.298676 -3.30313 -3.38591
387 0.405009 0.236953 0.0806455 -0.238612 -0.551248 -0.294728 -3.315 -3.2539
479 0.298895 0.186174 0.155683 -0.229299 -0.536873 -0.375397 -3.23679 -3.17434
747 0.427408 0.17848 0.14138 -0.195127 -0.530844 -0.332145 -3.2336 -3.21017
830 0.355206 0.115107 0.154481 -0.223682 -0.478996 -0.311401 -3.19178 -3.25713
42 0.221955 0.184833 0.162709 -0.31932 -0.358555 -0.342115 -3.18624 -3.24818
125 0.289355 0.136944 0.197997 -0.177677 -0.550523 -0.298289 -3.19836 -3.31661
474 0.397106 0.155504 0.0249335 -0.210738 -0.392151 -0.32282 -3.22593 -3.23738
713 0.363082 0.14593 0.133252 -0.347515 -0.512118 -0.370236 -3.31419 -3.31415
128 0.374626 0.166424 0.126312 -0.265854 -0.484889 -0.328295 -3.16032 -3.20413
674 0.307142 0.215862 0.158638 -0.23957 -0.65048 -0.385759 -3.18355 -3.28778
726 0.350588 0.185428 0.055666 -0.145651 -0.461702 -0.401602 -3.09798 -3.11993
198 0.419691 0.184632 0.205469 -0.372541 -0.500835 -0.335349 -3.26239 -3.26355
254 0.380944 0.23038 0.0866219 -0.341653 -0.604312 -0.359638 -3.20057 -3.3127
780 0.314433 0.224986 0.211141 -0.152272 -0.633157 -0.365129 -3.15212 -3.27775
294 0.425322 0.19992 0.135079 -0.319513 -0.51524 -0.308585 -3.21075 -3.29563
504 0.176296 0.125561 0.140982 -0.124121 -0.653799 -0.410554 -3.18665 -3.27544
714 0.434551 0.194198 0.117774 -0.278725 -0.54743 -0.396493 -3.28979 -3.33917
486 0.289518 0.175003 0.146991 -0.311713 -0.517743 -0.264559 -3.18589 -3.24941
15 0.386544 0.179563 0.0887385 -0.182437 -0.391841 -0.275335 -3.19215 -3.199
595 0.32561 0.211557 0.0944889 -0.289773 -0.504099 -0.411055 -3.23615 -3.279
249 0.35772 0.0796177 0.250731 -0.187163 -0.567245 -0.302315 -3.35259 -3.32094
243 0.458412 0.189275 0.0821289 -0.22461 -0.635287 -0.402611 -3.21491 -3.46583
548 0.150456 0.137427 0.218235 -0.21538 -0.373612 -0.237997 -3.26087 -3.26444
757 0.357616 0.264341 0.118431 -0.276271 -0.560977 -0.378263 -3.24138 -3.21471
230 0.265367 0.171856 0.166699 -0.239304 -0.356125 -0.255714 -3.19468 -3.0832
60 0.289491 0.103431 0.188275 -0.242569 -0.598685 -0.307434 -3.28987 -3.24668
601 0.254268 0.110966 0.27879 -0.333686 -0.532559 -0.473953 -3.33887 -3.33457
717 0.382333 0.265022 0.0415733 -0.087745 -0.616041 -0.400871 -3.17357 -3.2123
393 0.33752 0.120669 0.111279 -0.165269 -0.522645 -0.359396 -3.22274 -3.2053
573 0.400135 0.184474 0.153735 -0.187796 -0.592412 -0.416633 -3.17394 -3.18475
611 0.313936 0.245925 0.127713 -0.161822 -0.48144 -0.391188 -3.17042 -3.2696
606 0.282934 0.0844188 0.10299 -0.208952 -0.493669 -0.262408 -3.24127 -3.24053
116 0.324287 0.196461 0.153676 -0.155708 -0.603938 -0.364201 -3.17212 -3.3243
173 0.272832 0.139667 0.0913031 -0.286422 -0.477377 -0.226149 -3.24956 -3.24712
6 0.301121 0.0571838 0.15667 -0.457287 -0.443742 -0.294373 -3.33362 -3.25933
90 0.41931 0.176781 0.0369056 -0.171103 -0.528847 -0.374682 -3.15242 -3.11599
368 0.266012 0.099863 0.202967 -0.265426 -0.50849 -0.314736 -3.07354 -3.12512
98 0.306189 0.24508 0.0922189 -0.319989 -0.589308 -0.410562 -3.23205 -3.42574
704 0.242295 0.212205 0.235374 -0.267455 -0.490232 -0.336191 -3.2176 -3.23889
28 0.314585 0.148728 0.156253 -0.196553 -0.543848 -0.348445 -3.1957 -3.16436
240 0.520032 0.204258 0.0632444 -0.206685 -0.585998 -0.454491 -3.24562 -3.3059
765 0.315224 0.207317 0.106528 -0.253371 -0.562858 -0.3573 -3.25525 -3.22395
655 0.334446 0.133945 0.109957 -0.252042 -0.551083 -0.323472 -3.23354 -3.31066
512 0.292703 0.216039 0.171676 -0.292924 -0.555818 -0.389116 -3.22747 -3.26461
790 0.34203 0.0896363 0.142142 -0.286976 -0.377714 -0.308175 -3.16812 -3.27676
383 0.340101 0.171038 0.0951801 -0.192033 -0.439594 -0.330734 -3.22972 -3.16783
246 0.420418 0.235389 0.210536 -0.287597 -0.529532 -0.296596 -3.29782 -3.22484
320 0.150748 0.133057 0.172594 -0.286899 -0.583277 -0.415427 -3.23808 -3.27805
205 0.39066 0.249427 0.104043 -0.165907 -0.598289 -0.363447 -3.19139 -3.21422
501 0.365998 0.150993 0.100939 -0.284967 -0.3763 -0.266828 -3.126 -3.19548
771 0.38758 0.191634 0.153283 -0.26418 -0.577452 -0.300352 -3.22629 -3.24911
663 0.252925 0.230416 0.106503 -0.234863 -0.448877 -0.44466 -3.31619 -3.28366
842 0.335091 0.192723 0.148571 -0.228029 -0.444553 -0.260101 -3.18498 -3.26292
188 0.256002 0.100036 0.130108 -0.193341 -0.680687 -0.34778 -3.30271 -3.19326
153 0.356823 0.226074 0.057498 -0.181327 -0.623131 -0.373597 -3.22446 -3.22249
545 0.382334 0.310448 0.17112 -0.199124 -0.563221 -0.324276 -3.19207 -3.1638
672 0.293937 0.186394 0.186425 -0.320233 -0.524267 -0.274886 -3.19434 -3.27022
21 0.237659 0.0495597 0.16907 -0.298182 -0.517659 -0.362542 -3.38285 -3.35763
859 0.256185 0.110585 0.200628 -0.264564 -0.466222 -0.355423 -3.23469 -3.2856
480 0.299078 0.149004 0.0854163 -0.204838 -0.372616 -0.333959 -3.10013 -3.17183
151 0.395729 0.249158 0.121375 -0.234091 -0.532028 -0.317864 -3.24966 -3.223
450 0.256911 0.157382 0.130467 -0.404074 -0.600108 -0.341688 -3.15635 -3.2949
763 0.385882 0.179122 0.0697037 -0.344078 -0.599703 -0.342984 -3.2503 -3.15817
110 0.288973 0.14295 0.182575 -0.218626 -0.478899 -0.291551 -3.14159 -3.10959
61 0.465801 0.223022 0.188893 -0.282757 -0.485577 -0.279556 -3.23047 -3.27827
411 -0.0343926 -0.0409703 -0.123892 0.228498 0.148005 0.121276 -2.70677 -2.76454
644 0.386643 0.175076 0.225489 -0.353588 -0.561735 -0.332294 -3.23342 -3.29321
200 0.0366415 0.0176004 -0.060665 0.133201 -0.000485683 0.0854424 -3.06762 -2.98365
362 0.342992 0.132753 0.2242 -0.356644 -0.58398 -0.29291 -3.21474 -3.26821
860 0.325924 0.1092 0.182722 -0.275578 -0.433136 -0.256125 -3.17326 -3.33837
386 0.41562 0.192693 0.0780169 -0.110477 -0.520824 -0.46888 -3.14989 -3.29288
783 0.239239 0.190532 0.0746015 -0.201108 -0.435138 -0.369955 -3.14131 -3.11303
343 0.430397 0.181659 0.116239 -0.266896 -0.570916 -0.31922 -3.23921 -3.21115
236 0.344891 0.175189 0.199826 -0.115573 -0.557994 -0.342033 -3.2406 -3.20164
14 0.342402 0.105218 0.122448 -0.138953 -0.575065 -0.35248 -3.12551 -3.15702
728 0.319636 0.219128 0.0708018 -0.150788 -0.494369 -0.353464 -3.28443 -3.29443
233 0.386781 0.229384 0.20023 -0.278284 -0.536369 -0.275788 -3.16741 -3.29471
3 0.19124 0.114749 0.0958544 -0.282106 -0.410695 -0.228675 -3.19143 -3.18156
82 0.310551 0.220164 0.1129 -0.208965 -0.476842 -0.347135 -3.18282 -3.09819
356 0.297658 0.135379 0.150195 -0.228149 -0.437748 -0.333058 -3.32861 -3.2924
119 0.385226 0.148794 0.0891102 -0.221851 -0.454682 -0.330783 -3.17298 -3.12087
30 0.370792 0.246526 0.0598359 -0.160537 -0.550182 -0.406819 -3.22747 -3.13194
825 0.491966 0.223795 0.0637269 -0.23916 -0.664779 -0.325015 -3.27016 -3.18947
47 0.39299 0.1391 0.0394572 -0.178578 -0.580721 -0.395285 -3.25543 -3.31875
17 0.247798 0.0803872 0.0874384 -0.23959 -0.287251 -0.202558 -3.32855 -3.4066
831 0.330474 0.197452 0.140291 -0.241146 -0.581503 -0.331479 -3.24375 -3.23862
338 0.303249 0.112096 0.0899312 -0.166819 -0.507538 -0.387381 -3.22759 -3.28259
643 0.318104 0.257091 0.138953 -0.303542 -0.512184 -0.408768 -3.36638 -3.27941
334 0.239122 0.089533 0.0471408 -0.18713 -0.405309 -0.230821 -3.18065 -3.24807
409 0.34883 0.174757 0.130833 -0.114282 -0.474273 -0.266314 -3.23402 -3.20589
868 0.352381 0.177864 0.184835 -0.233758 -0.525984 -0.384028 -3.21885 -3.30399
894 0.218561 0.127683 0.192643 -0.176156 -0.404987 -0.256704 -3.09307 -3.21016
867 0.328914 0.14389 0.255356 -0.389623 -0.683257 -0.348159 -3.25306 -3.25091
544 0.373011 0.1648 0.112383 -0.24136 -0.585847 -0.351138 -3.2641 -3.29773
851 0.441754 0.213794 0.191315 -0.243784 -0.531229 -0.384618 -3.16881 -3.23265
470 0.307958 0.209871 0.152899 -0.236386 -0.575261 -0.310597 -3.24914 -3.24697
405 0.315828 0.180283 0.152588 -0.201608 -0.492254 -0.351929 -3.27758 -3.30744
347 0.235242 0.187822 0.110128 -0.236467 -0.624687 -0.448413 -3.20262 -3.27313
94 0.408738 0.157707 0.120096 -0.100731 -0.626409 -0.34526 -3.22994 -3.16686
648 0.237034 0.1642 0.150918 -0.336143 -0.496659 -0.352762 -3.20468 -3.28783
858 0.307503 0.174494 0.207112 -0.303078 -0.445596 -0.436559 -3.33786 -3.37038
538 0.34045 0.191335 0.147118 -0.195762 -0.634935 -0.428995 -3.22539 -3.2768
10 0.443002 0.188725 0.213311 -0.335995 -0.573606 -0.350688 -3.30142 -3.26604
443 0.287097 0.150073 0.117942 -0.260519 -0.45798 -0.296887 -3.09974 -3.1146
281 0.384682 0.148463 0.150889 -0.339136 -0.537666 -0.393248 -3.36461 -3.26818
700 0.288835 0.103437 0.129559 -0.249888 -0.602854 -0.362495 -3.23586 -3.20586
622 0.334659 0.189182 0.110849 -0.191598 -0.521007 -0.304385 -3.10298 -3.20422
221 0.310009 0.179324 0.182905 -0.216664 -0.459288 -0.336904 -3.27266 -3.39165
424 0.31197 0.230173 0.227445 -0.205712 -0.421627 -0.316003 -3.19636 -3.31003
623 0.271916 0.158652 0.109351 -0.184278 -0.317986 -0.208986 -3.2341 -3.19509
688 0.427874 0.161911 0.114739 -0.235051 -0.573217 -0.352603 -3.26968 -3.39115
252 0.367642 0.285542 0.141838 -0.324316 -0.523516 -0.251742 -3.21285 -3.23095
554 0.406647 0.16625 0.0947121 -0.246936 -0.603174 -0.353298 -3.29363 -3.30085
645 0.238955 0.170676 0.0938973 -0.232234 -0.531708 -0.353526 -3.10266 -3.19064
616 0.432292 0.151435 0.1902 -0.320803 -0.512838 -0.308498 -3.32412 -3.24926
625 0.286651 0.206563 0.131549 -0.206091 -0.491166 -0.369344 -3.13922 -3.18825
657 0.426316 0.214034 0.0638361 -0.195378 -0.661484 -0.407782 -3.18857 -3.26276
279 0.354006 0.145939 0.100862 -0.271898 -0.506641 -0.3582 -3.27643 -3.28613
77 0.305278 0.228307 0.0929036 -0.21588 -0.478415 -0.294423 -3.08511 -3.2109
264 0.26671 0.181083 0.124101 -0.19471 -0.523803 -0.280496 -3.12792 -3.16926
846 0.421946 0.190791 0.224505 -0.274847 -0.358053 -0.225338 -3.2324 -3.22473
514 0.414067 0.162164 0.130845 -0.23131 -0.59146 -0.282812 -3.26858 -3.32253
849 0.274555 0.206844 0.16299 -0.250238 -0.326688 -0.250353 -3.29427 -3.16816
850 0.318388 0.101343 0.169321 -0.21582 -0.464683 -0.312147 -3.11239 -3.10538
778 0.289028 0.116761 0.147741 -0.154065 -0.464043 -0.295426 -3.12532 -3.17234
724 0.312448 0.134133 0.096374 -0.154932 -0.42884 -0.338772 -3.22472 -3.26978
75 0.255471 0.138913 0.073339 -0.273351 -0.517584 -0.291834 -3.19554 -3.1839
828 0.401255 0.241516 0.255796 -0.231788 -0.595273 -0.388789 -3.25658 -3.25913
612 0.336715 0.139553 0.201491 -0.230965 -0.551579 -0.30004 -3.29878 -3.27203
278 0.307192 0.111413 0.198238 -0.264499 -0.50005 -0.308471 -3.23708 -3.2871
619 -0.0634534 -0.0189327 -0.0452004 0.111828 0.0772084 0.0298149 -2.77653 -2.69886
370 0.338175 0.20029 0.115156 -0.243172 -0.615314 -0.316999 -3.29202 -3.3118
821 0.362192 0.20074 0.183597 -0.131624 -0.483585 -0.280324 -3.31338 -3.25758
187 0.473387 0.172202 0.0885674 -0.204622 -0.495158 -0.37467 -3.34203 -3.38232
517 0.303095 0.135342 0.197342 -0.316382 -0.393798 -0.235697 -3.30065 -3.283
833 0.277775 0.153495 0.170823 -0.224498 -0.475511 -0.276218 -3.31287 -3.20732
472 0.305261 0.233108 0.199662 -0.280915 -0.657937 -0.464651 -3.29417 -3.35678
798 0.452485 0.175626 0.18613 -0.313839 -0.490569 -0.350155 -3.29843 -3.36262
72 0.314116 0.203393 0.061646 -0.131242 -0.584156 -0.404036 -3.15438 -3.20026
189 0.397607 0.14822 0.129515 -0.193285 -0.574213 -0.430617 -3.12799 -3.11304
520 0.328855 0.176668 0.202761 -0.228895 -0.594648 -0.395592 -3.30372 -3.29888
857 0.409938 0.216153 0.130264 -0.233425 -0.649122 -0.466888 -3.26749 -3.24137
415 0.402807 0.171116 0.138507 -0.143435 -0.555989 -0.365824 -3.22325 -3.19619
853 0.466214 0.126697 0.117562 -0.21379 -0.652653 -0.302144 -3.13849 -3.26042
804 0.302727 0.216604 0.245878 -0.23371 -0.507356 -0.316839 -3.29573 -3.31634
665 0.303051 0.0858609 0.161664 -0.155017 -0.421 -0.320763 -3.2339 -3.14733
202 0.338069 0.184311 0.184452 -0.270961 -0.646329 -0.278195 -3.15395 -3.22151
753 0.304859 0.122775 0.108739 -0.223569 -0.526703 -0.274485 -3.19 -3.28008
776 0.323239 0.151463 0.119458 -0.262468 -0.580138 -0.34593 -3.26411 -3.34545
491 0.261054 0.103607 0.122521 -0.234067 -0.488066 -0.293242 -3.20564 -3.38091
186 0.372583 0.0915504 0.154389 -0.256107 -0.466387 -0.361816 -3.20772 -3.31898
107 0.377626 0.16417 0.168192 -0.166676 -0.59587 -0.396091 -3.19851 -3.23108
375 0.384404 0.188591 0.19718 -0.259798 -0.522054 -0.406417 -3.3033 -3.23033
68 0.366631 0.260826 0.0661137 -0.249326 -0.531372 -0.317108 -3.24912 -3.2483
793 0.35222 0.214519 0.105287 -0.245625 -0.411575 -0.339114 -3.21654 -3.23976
133 0.299869 0.145946 0.142216 -0.266156 -0.336233 -0.285442 -3.21648 -3.14202
155 0.315623 0.166632 0.200105 -0.086737 -0.489091 -0.272728 -3.20872 -3.18215
522 0.472185 0.0957004 0.0910341 -0.177147 -0.669209 -0.366999 -3.19771 -3.30043
488 0.339427 0.271098 0.0895653 -0.17195 -0.49751 -0.314856 -3.13334 -3.17802
656 0.406138 0.205331 0.197439 -0.31944 -0.493803 -0.284308 -3.27985 -3.25671
869 0.356768 0.184501 0.0251564 -0.174673 -0.396381 -0.272447 -3.19432 -3.1374
505 0.40663 0.17126 0.00747854 -0.280523 -0.697885 -0.377096 -3.1721 -3.23453
223 0.320225 0.178432 0.0248715 -0.118597 -0.520996 -0.300514 -3.19696 -3.21208
453 0.204716 0.14412 0.189538 -0.341893 -0.326316 -0.118234 -3.18355 -3.28989
546 0.42573 0.201467 0.142047 -0.312208 -0.548541 -0.314793 -3.27629 -3.29227
422 0.268562 0.131578 0.239471 -0.212797 -0.509644 -0.353333 -3.21106 -3.17616
518 0.373723 0.241216 0.0663783 -0.231553 -0.546175 -0.297151 -3.31229 -3.3385
905 0.380053 0.217105 0.136196 -0.17533 -0.69041 -0.419533 -3.19854 -3.21705
100 0.42714 0.211152 0.140173 -0.235957 -0.421635 -0.303699 -3.20814 -3.25317
224 0.338696 0.157055 0.116623 -0.212887 -0.597225 -0.338686 -3.24954 -3.28356
723 0.416338 0.237762 0.148238 -0.177186 -0.653993 -0.46331 -3.16106 -3.2109
738 0.291427 0.110205 0.209223 -0.346825 -0.583163 -0.388461 -3.28861 -3.26333
132 0.315997 0.126674 0.194142 -0.247246 -0.469231 -0.369593 -3.18215 -3.17457
854 0.251647 0.17137 0.16761 -0.281795 -0.63021 -0.39589 -3.2335 -3.28242
617 0.286219 0.0790772 0.0861585 -0.191138 -0.543054 -0.344427 -3.29255 -3.22862
127 0.281269 0.166331 0.123293 -0.302345 -0.549523 -0.369287 -3.19768 -3.25718
302 0.282518 0.0685627 0.076967 -0.293195 -0.539795 -0.233182 -3.19533 -3.20877
314 0.235172 0.151804 0.166913 -0.316671 -0.270747 -0.231876 -3.24218 -3.31978
452 0.440489 0.20491 0.208474 -0.307415 -0.456457 -0.39356 -3.34888 -3.30185
195 0.301026 0.180834 0.189542 -0.293734 -0.469597 -0.325039 -3.23129 -3.20939
834 0.343881 0.22827 0.150437 -0.184588 -0.604251 -0.335684 -3.21497 -3.18835
620 0.451608 0.326481 0.0888569 -0.223165 -0.601235 -0.329691 -3.22656 -3.19655
222 0.328528 0.0552188 0.0724412 -0.326248 -0.515415 -0.378336 -3.25308 -3.2991
861 0.373106 0.272456 0.121562 -0.278752 -0.56042 -0.42295 -3.1748 -3.28104
521 0.484282 0.207999 0.0589526 -0.185466 -0.609134 -0.439103 -3.27556 -3.2875
691 0.239379 0.0992718 0.228977 -0.36782 -0.507463 -0.335547 -3.1416 -3.15243
654 0.309908 0.241895 0.118487 -0.148678 -0.452614 -0.296556 -3.1923 -3.1678
829 0.410604 0.17211 0.0583594 -0.0659694 -0.543202 -0.398621 -3.20879 -3.22408
506 0.429381 0.180607 0.141866 -0.196981 -0.63938 -0.379497 -3.30233 -3.29101
197 0.301328 0.129778 0.135766 -0.196113 -0.584564 -0.268996 -3.11241 -3.17448
531 0.338799 0.189504 0.0302765 -0.153984 -0.595116 -0.354081 -3.13443 -3.15206
192 0.38035 0.124305 0.129175 -0.293888 -0.474068 -0.359513 -3.1298 -3.12407
96 0.312816 0.182573 0.173475 -0.242641 -0.48189 -0.383012 -3.32982 -3.324
301 0.340087 0.238801 0.129378 -0.102216 -0.618831 -0.429672 -3.22486 -3.13111
629 0.442936 0.124255 0.127252 -0.167478 -0.494418 -0.384005 -3.17021 -3.26742
653 0.281591 0.162638 0.139399 -0.191681 -0.575495 -0.371639 -3.2791 -3.33381
708 0.372969 0.0834683 0.18607 -0.236557 -0.478089 -0.354849 -3.19609 -3.20263
25 0.355305 0.227518 0.107116 -0.173112 -0.412386 -0.194877 -3.1127 -3.08244
597 0.308293 0.179101 0.193238 -0.233514 -0.439108 -0.414668 -3.1575 -3.2839
719 0.365357 0.18536 0.202912 -0.285304 -0.545255 -0.306341 -3.25451 -3.18156
485 0.379488 0.0701804 0.126067 -0.242016 -0.395653 -0.291164 -3.19206 -3.20701
145 0.247163 0.217457 0.195257 -0.153677 -0.397228 -0.304892 -3.24115 -3.3177
339 0.375942 0.224699 0.139348 -0.291552 -0.569611 -0.405818 -3.3637 -3.36829
49 0.328829 0.110301 0.177392 -0.295739 -0.516912 -0.383042 -3.22523 -3.35539
897 0.436474 0.183618 0.156945 -0.265246 -0.609313 -0.338062 -3.21777 -3.18034
607 0.335126 0.166618 0.129707 -0.241329 -0.569419 -0.387525 -3.23818 -3.17202
85 0.26278 0.198136 0.117307 -0.309931 -0.509765 -0.377171 -3.21074 -3.29668
461 0.47025 0.15405 0.11046 -0.166658 -0.50854 -0.366283 -3.27471 -3.19184
248 0.3073 0.137014 0.0747376 -0.267743 -0.443477 -0.357505 -3.20968 -3.16405
530 0.364023 0.244024 0.158231 -0.31064 -0.592995 -0.426666 -3.30129 -3.357
495 0.351893 0.173998 0.0700124 -0.21607 -0.656708 -0.381419 -3.23781 -3.17118
732 0.412455 0.143118 0.126148 -0.277654 -0.577208 -0.292801 -3.27363 -3.31782
251 0.414534 0.197527 0.107543 -0.236794 -0.597909 -0.347404 -3.23851 -3.19154
787 0.340989 0.151724 0.149455 -0.151971 -0.39622 -0.282878 -3.27874 -3.22248
847 0.473206 0.104758 0.173858 -0.148053 -0.5178 -0.431441 -3.20304 -3.23275
84 0.273988 0.260327 0.248536 -0.266335 -0.703761 -0.432956 -3.29951 -3.27561
703 0.334844 0.160308 0.188336 -0.219008 -0.470451 -0.300291 -3.22126 -3.17102
807 0.274336 0.180565 0.108005 -0.183564 -0.646814 -0.342745 -3.25157 -3.31927
820 0.281675 0.148241 0.0975823 -0.246079 -0.424762 -0.354902 -3.20169 -3.153
108 0.283263 0.108393 0.171599 -0.300097 -0.5036 -0.336073 -3.32833 -3.226
580 0.253746 0.151351 0.076005 -0.295458 -0.432403 -0.295478 -3.15433 -3.26272
667 0.383603 0.115562 0.00612106 -0.140172 -0.637197 -0.332106 -3.23153 -3.22671
1 0.482333 0.205713 0.115585 -0.128514 -0.594407 -0.380354 -3.20144 -3.25816
29 0.370539 0.194271 0.1428 -0.246441 -0.568554 -0.345796 -3.22025 -3.22849
670 0.396405 0.181669 0.124314 -0.268742 -0.557527 -0.312939 -3.18236 -3.26365
777 0.386702 0.187685 0.188075 -0.37934 -0.475858 -0.319461 -3.33559 -3.344
584 0.292203 0.247614 0.198686 -0.271995 -0.43446 -0.341082 -3.32758 -3.29971
814 0.205708 0.11691 0.183596 -0.260834 -0.378727 -0.223375 -3.15232 -3.19463
99 0.405675 0.301949 0.0525654 -0.250635 -0.580705 -0.479972 -3.252 -3.30909
685 0.382259 0.165534 0.0772698 -0.132662 -0.600447 -0.337157 -3.18043 -3.19952
324 0.379 0.186393 0.143355 -0.302331 -0.638379 -0.364144 -3.24126 -3.21608
346 0.277706 0.228831 0.197322 -0.283379 -0.508762 -0.395765 -3.15051 -3.27561
428 0.300877 0.137729 0.156411 -0.219598 -0.521032 -0.304435 -3.23666 -3.17816
218 0.362683 0.1744 0.232499 -0.29448 -0.493653 -0.352234 -3.24423 -3.30904
876 0.286818 0.166042 0.117049 -0.213403 -0.435205 -0.307291 -3.32856 -3.27239
906 0.285319 0.252571 0.0457228 -0.149279 -0.491549 -0.377348 -3.16047 -3.13765
567 0.385771 0.116723 0.13853 -0.219085 -0.546031 -0.325052 -3.21079 -3.21212
715 0.342054 0.264829 0.197572 -0.392236 -0.492285 -0.305554 -3.22271 -3.39209
494 0.371492 0.292831 0.100917 -0.233442 -0.615949 -0.342003 -3.24706 -3.17175
779 0.353705 0.209392 0.164297 -0.271661 -0.565479 -0.370697 -3.27839 -3.28815
425 0.307828 0.176598 0.247712 -0.231646 -0.565927 -0.359457 -3.10175 -3.12085
191 0.404374 0.190286 0.131589 -0.200218 -0.519326 -0.302007 -3.13753 -3.26388
774 0.284384 0.0903594 0.17252 -0.307594 -0.536274 -0.353869 -3.27634 -3.26242
689 0.328396 0.161441 0.0953285 -0.210594 -0.486573 -0.375097 -3.31838 -3.21355
907 0.447803 0.210664 0.102978 -0.16271 -0.621434 -0.453873 -3.24686 -3.3294
228 0.238553 0.15835 0.17407 -0.266269 -0.519994 -0.409307 -3.33191 -3.36942
890 0.434728 0.252478 0.224231 -0.349241 -0.504644 -0.340066 -3.28297 -3.18893
669 0.302452 0.0972711 0.12707 -0.209809 -0.526591 -0.339209 -3.32917 -3.28865
483 0.247706 0.132604 0.182646 -0.283787 -0.439414 -0.356235 -3.22856 -3.23954
352 0.305591 0.108547 0.139889 -0.334478 -0.655543 -0.367917 -3.27143 -3.28751
702 0.412169 0.112181 0.0394737 -0.238462 -0.659136 -0.408281 -3.18911 -3.23051
671 0.360429 0.154132 0.0791316 -0.199929 -0.644721 -0.373303 -3.27651 -3.25029
434 0.365972 0.227214 0.10133 -0.146293 -0.582057 -0.472049 -3.31674 -3.21851
328 0.319113 0.164813 0.0750511 -0.140088 -0.614294 -0.428083 -3.28609 -3.36885
881 0.333538 0.14061 0.126553 -0.22627 -0.533411 -0.297291 -3.24483 -3.30915
180 0.191692 0.12872 0.173935 -0.187314 -0.459048 -0.270646 -3.10325 -3.14653
769 0.430893 0.185313 0.103696 -0.272656 -0.599717 -0.270967 -3.22355 -3.29067
525 0.318952 0.212932 0.11845 -0.262875 -0.624721 -0.39015 -3.24995 -3.28507
11 0.342951 0.163735 0.165273 -0.194963 -0.618712 -0.416156 -3.23977 -3.31471
79 0.181173 0.120721 0.0928285 -0.144582 -0.486232 -0.246312 -3.23396 -3.19237
729 0.410333 0.143358 0.147018 -0.286314 -0.484361 -0.327669 -3.23796 -3.31263
690 0.340446 0.211704 0.126673 -0.123932 -0.541785 -0.363681 -3.23244 -3.2478
866 0.351834 0.244445 0.100824 -0.237778 -0.511624 -0.247719 -3.20866 -3.28581
911 0.432611 0.250464 0.177045 -0.118044 -0.662247 -0.410224 -3.15986 -3.13044
265 0.406372 0.203045 0.178904 -0.243023 -0.562081 -0.341864 -3.27967 -3.19534
537 0.243399 0.145489 0.182803 -0.235076 -0.541 -0.302667 -3.3225 -3.31143
329 0.341233 0.102328 0.0876539 -0.0742065 -0.606649 -0.472365 -3.19345 -3.30995
759 0.150091 0.104785 0.107514 -0.17668 -0.356631 -0.288625 -3.14701 -3.21156
250 0.359898 0.162254 0.120906 -0.167656 -0.388944 -0.244256 -3.07078 -3.11761
196 0.225203 0.0629452 0.150766 -0.214355 -0.502167 -0.335904 -3.12461 -3.166
812 0.376375 0.181696 0.176086 -0.257945 -0.547637 -0.325188 -3.1394 -3.23659
593 0.274057 0.166954 0.181207 -0.349653 -0.551421 -0.354977 -3.16864 -3.28013
122 0.391615 0.210932 0.130686 -0.247301 -0.520151 -0.353404 -3.06204 -3.19428
464 0.347645 0.0977628 0.203067 -0.0753641 -0.444205 -0.346627 -3.25411 -3.32237
162 0.254862 0.0816187 0.245914 -0.273475 -0.558081 -0.259413 -3.23733 -3.31678
253 0.343985 0.223111 0.088447 -0.204252 -0.497405 -0.385959 -3.16828 -3.23754
43 0.287455 0.122956 0.111576 -0.262704 -0.567152 -0.381716 -3.15395 -3.21701
158 0.293014 0.251075 0.122559 -0.212311 -0.532064 -0.333807 -3.34913 -3.29177
581 0.195628 0.10737 0.212426 -0.310372 -0.528417 -0.321411 -3.32184 -3.21515
800 0.307727 0.142143 0.0964147 -0.177359 -0.686522 -0.461557 -3.23651 -3.17732
398 0.240601 0.158572 0.182071 -0.294315 -0.456385 -0.2868 -3.30243 -3.39327
148 0.347852 0.155416 0.11767 -0.121007 -0.607431 -0.348237 -3.22297 -3.17876
646 0.449891 0.20081 0.176618 -0.165094 -0.634126 -0.364236 -3.20826 -3.25161
615 0.325244 0.246466 0.120921 -0.070204 -0.520355 -0.37602 -3.23064 -3.22662
822 0.393236 0.171246 0.105342 -0.248217 -0.587966 -0.346858 -3.15313 -3.20961
701 0.316632 0.179717 0.190168 -0.158069 -0.401459 -0.246522 -3.21606 -3.28564
533 0.347166 0.242091 0.1333 -0.317151 -0.459305 -0.282637 -3.16428 -3.27161
130 0.394725 0.189347 0.181081 -0.151156 -0.5479 -0.37781 -3.2328 -3.30235
135 0.379771 0.195074 0.176142 -0.137936 -0.581736 -0.310869 -3.23837 -3.28904
568 0.312044 0.160223 0.13437 -0.206275 -0.430008 -0.354562 -3.13808 -3.14095
115 0.403131 0.207789 0.0315443 -0.235609 -0.589091 -0.393224 -3.21776 -3.29333
678 0.38653 0.140802 0.0463536 -0.19804 -0.648529 -0.347305 -3.21236 -3.3344
315 0.325052 0.165195 0.12944 -0.19647 -0.603532 -0.313128 -3.20247 -3.12074
772 0.253194 0.142141 0.166443 -0.264098 -0.508327 -0.392102 -3.20424 -3.19527
360 0.315396 0.289585 0.114595 -0.158308 -0.623882 -0.400941 -3.21817 -3.33592
576 0.168148 0.170388 0.0310446 -0.265639 -0.434883 -0.317818 -3.2295 -3.26037
214 0.312543 0.175513 0.0738503 -0.172803 -0.618549 -0.396497 -3.16125 -3.22806
351 0.36209 0.178919 0.226906 -0.232785 -0.513293 -0.419131 -3.26893 -3.30281
73 0.37346 0.203995 0.14908 -0.147226 -0.552389 -0.355997 -3.22024 -3.27384
309 0.240466 0.13535 0.0807313 -0.132745 -0.461376 -0.2999 -3.13592 -3.19677
327 0.287043 0.218041 0.200565 -0.175525 -0.554351 -0.350726 -3.25315 -3.27758
602 0.379122 0.217453 0.0503883 -0.135841 -0.508945 -0.351966 -3.21361 -3.16367
862 0.332325 0.164439 0.107397 -0.277238 -0.576519 -0.284979 -3.29576 -3.32258
698 0.410234 0.160214 0.171873 -0.247586 -0.547323 -0.331467 -3.26698 -3.31843
572 0.380157 0.21201 0.120378 -0.300542 -0.392053 -0.290851 -3.18404 -3.22577
255 0.339447 0.189571 0.0821096 -0.202821 -0.543133 -0.32656 -3.24678 -3.16637
743 0.369093 0.228558 0.147054 -0.161552 -0.608341 -0.27077 -3.25252 -3.29086
310 0.256121 0.197934 0.0647516 -0.250091 -0.597619 -0.380243 -3.20244 -3.26722
296 0.244936 0.150769 0.136687 -0.0973648 -0.525577 -0.371934 -3.14698 -3.1925
744 0.33486 0.16322 0.170767 -0.22537 -0.648783 -0.449194 -3.18711 -3.21537
746 0.302992 0.17304 0.21519 -0.241241 -0.47449 -0.329825 -3.19625 -3.20655
836 0.281149 0.183639 0.195183 -0.249148 -0.363503 -0.148837 -3.15591 -3.14438
367 0.322079 0.142131 0.242228 -0.236627 -0.529777 -0.330372 -3.29851 -3.29201
817 0.231568 0.0966469 0.165433 -0.310507 -0.502713 -0.298913 -3.23484 -3.27957
137 0.274034 0.167085 0.126918 -0.145886 -0.495885 -0.362826 -3.19101 -3.29378
245 0.379489 0.211408 0.0967803 -0.206834 -0.484321 -0.313788 -3.24965 -3.34772
539 0.401961 0.229786 0.135586 -0.317148 -0.515557 -0.369204 -3.19468 -3.30576
551 0.374112 0.196712 0.178969 -0.204357 -0.52788 -0.363212 -3.26189 -3.22053
467 0.255575 0.0725834 0.148359 -0.197801 -0.47564 -0.376645 -3.22229 -3.26306
380 0.328122 0.207214 0.139058 -0.277973 -0.435671 -0.300646 -3.24819 -3.08522
838 0.411857 0.0953172 0.050593 -0.109234 -0.504208 -0.366341 -2.99719 -3.00064
261 0.264594 0.135327 0.210043 -0.250019 -0.378521 -0.280638 -3.23188 -3.15713
562 0.302083 0.189492 0.150709 -0.149653 -0.643596 -0.433 -3.24615 -3.22288
349 0.318482 0.130017 0.219896 -0.315489 -0.483092 -0.343468 -3.2189 -3.31409
594 0.368078 0.14821 0.179672 -0.262096 -0.605212 -0.373981 -3.23101 -3.24261
146 0.351943 0.19226 0.136601 -0.228132 -0.450809 -0.388326 -3.17941 -3.23168
697 0.308869 0.237525 0.168366 -0.277825 -0.418302 -0.220567 -3.05811 -3.10568
725 0.429877 0.222805 0.0588295 -0.208289 -0.590933 -0.408296 -3.16763 -3.30638
878 0.241449 0.150621 0.179161 -0.238547 -0.401662 -0.197691 -3.20309 -3.35146
86 0.265595 0.189687 0.125602 -0.228274 -0.434099 -0.236811 -3.26874 -3.3142
326 0.373684 0.247719 0.0608041 -0.24353 -0.483005 -0.256626 -3.18303 -3.20787
886 0.394668 0.139182 0.135879 -0.189535 -0.502592 -0.31249 -3.23456 -3.13884
808 0.297642 0.217443 0.1236 -0.168529 -0.658823 -0.399507 -3.22613 -3.23767
840 0.342196 0.167563 0.0866406 -0.268233 -0.453654 -0.268781 -3.2876 -3.29763
677 0.454332 0.120506 0.0662131 -0.23629 -0.726777 -0.47489 -3.20173 -3.16317
750 0.201057 0.193905 0.0908506 -0.178146 -0.333082 -0.198796 -3.09494 -3.07998
269 0.208438 0.142866 0.0379689 -0.231754 -0.401096 -0.213745 -3.06868 -3.12985
447 0.111663 -0.0107526 0.0331732 -0.0249028 -0.175705 -0.184477 -3.08245 -3.03468
91 0.422109 0.277917 0.160332 -0.156923 -0.675449 -0.421483 -3.21462 -3.25051
336 0.335919 0.0945638 0.0980224 -0.139571 -0.484068 -0.284434 -3.17629 -3.19222
910 0.27556 0.20394 0.0602298 -0.0996429 -0.412777 -0.429818 -3.2713 -3.16805
304 0.322092 0.204635 0.153048 -0.223801 -0.486383 -0.321748 -3.17066 -3.2616
904 0.270124 0.158117 0.141518 -0.341338 -0.61986 -0.371627 -3.25221 -3.19311
420 0.380811 0.113705 0.122729 -0.247118 -0.578572 -0.436344 -3.13734 -3.20414
288 0.337133 0.147239 0.208871 -0.330415 -0.658237 -0.298555 -3.26337 -3.25715
92 0.355163 0.153381 0.152941 -0.137697 -0.532098 -0.358397 -3.238 -3.17965
247 0.290776 0.218612 0.0728421 -0.229683 -0.601524 -0.338011 -3.15464 -3.19049
31 0.349597 0.194199 0.129746 -0.209825 -0.568589 -0.397466 -3.19093 -3.22259
117 0.313173 0.240569 0.056108 -0.150029 -0.423527 -0.367111 -3.15603 -3.16494
212 0.362141 0.113273 0.134524 -0.230742 -0.573579 -0.350617 -3.14491 -3.18872
874 0.376021 0.165444 0.0834872 -0.248712 -0.567843 -0.434354 -3.23227 -3.21068
652 0.501986 0.280652 0.167028 -0.287581 -0.538926 -0.374086 -3.15967 -3.1221
458 0.180053 -0.0106793 0.204598 -0.33607 -0.320822 -0.241144 -3.21799 -3.27292
156 0.305657 0.134438 0.0897251 -0.123189 -0.613398 -0.339345 -3.14745 -3.07985
875 0.196333 0.169495 0.148218 -0.227394 -0.639539 -0.330382 -3.2348 -3.25094
837 0.228412 0.147185 0.122802 -0.18908 -0.491718 -0.328881 -3.15772 -3.20041
459 0.364005 0.148192 -0.0056435 -0.0912507 -0.495282 -0.325552 -3.23866 -3.17137
524 0.425287 0.155286 0.202228 -0.169371 -0.48327 -0.398938 -3.37967 -3.29562
435 0.304039 0.256422 0.148928 -0.276568 -0.517797 -0.239299 -3.27318 -3.31727
552 0.255863 0.128709 0.0722239 -0.205359 -0.385349 -0.356158 -3.20027 -3.20363
407 0.313287 0.143272 0.1704 -0.191242 -0.56496 -0.320715 -3.14707 -3.19857
124 0.274843 0.132015 0.19322 -0.223893 -0.669591 -0.380764 -3.33332 -3.31483
18 0.417648 0.218605 0.0739014 -0.286538 -0.5676 -0.23268 -3.2916 -3.32033
884 0.294694 0.0798318 0.0990413 -0.137926 -0.521986 -0.442035 -3.18598 -3.31401
492 0.30909 0.128676 0.0873841 -0.259802 -0.551492 -0.36601 -3.20327 -3.27805
484 0.24297 0.19639 0.0811225 -0.16566 -0.450061 -0.29843 -3.10167 -3.14956
62 0.400048 0.132047 0.129938 -0.242817 -0.520312 -0.390143 -3.24057 -3.26247
575 0.315703 0.25761 0.194391 -0.214437 -0.504536 -0.275526 -3.2117 -3.20635
177 -0.113521 -0.0721686 -0.199818 0.273763 0.243696 0.151908 -2.85251 -2.80832
335 0.3964 0.129709 0.121063 -0.221449 -0.531257 -0.285719 -3.21913 -3.2762
363 0.302919 0.203116 0.153849 -0.176404 -0.47099 -0.2499 -3.21844 -3.23982
727 0.483599 0.296235 0.0710111 -0.179126 -0.536 -0.338275 -3.23443 -3.23595
429 0.313328 0.114927 0.133458 -0.209771 -0.538607 -0.42738 -3.34078 -3.27661
448 0.285498 0.183252 0.0675338 -0.2671 -0.583003 -0.362687 -3.13706 -3.19174
660 0.284999 0.0520479 0.21142 -0.311108 -0.50675 -0.298013 -3.21335 -3.25937
873 0.0286036 0.0194645 -0.0656624 -0.115926 -0.25846 -0.198246 -3.12929 -3.18658
527 0.380641 0.176727 0.0821 -0.20187 -0.427787 -0.357293 -3.21981 -3.21325
734 0.147551 0.182814 0.042325 -0.115881 0.0270947 -0.0101586 -2.90954 -2.9695
71 0.294495 0.13897 0.0983389 -0.23573 -0.551975 -0.296206 -3.20886 -3.28863
70 0.42145 0.18313 0.130431 -0.289124 -0.507637 -0.346314 -3.247 -3.21253
305 0.247563 0.151033 0.143461 -0.251082 -0.529061 -0.266219 -3.34982 -3.34382
687 0.342759 0.229567 0.181112 -0.189757 -0.566593 -0.326966 -3.13996 -3.18337
864 0.355455 0.168471 0.198993 -0.22737 -0.588554 -0.346556 -3.31157 -3.3171
547 0.309421 0.179099 0.114597 -0.286256 -0.487615 -0.359363 -3.35003 -3.26419
799 0.395906 0.164353 0.122013 -0.205827 -0.5692 -0.383983 -3.24135 -3.18997
638 0.378754 0.176575 0.175855 -0.26743 -0.468971 -0.255143 -3.14273 -3.14988
317 0.295497 0.157834 0.0865747 -0.232025 -0.453771 -0.308548 -3.2842 -3.33147
475 0.24835 0.0713169 0.168347 -0.189799 -0.529037 -0.32339 -3.27648 -3.31164
789 0.300629 0.161743 0.166811 -0.25206 -0.535148 -0.31378 -3.26447 -3.34048
605 0.365658 0.133619 0.156727 -0.294703 -0.518441 -0.398665 -3.29582 -3.37432
635 0.344597 0.187089 0.197118 -0.203362 -0.607055 -0.427795 -3.23344 -3.19688
46 0.323759 0.176312 0.169618 -0.232122 -0.579679 -0.408548 -3.30289 -3.36402
109 0.415454 0.113294 0.157348 -0.183118 -0.425576 -0.29102 -3.24259 -3.19847
182 0.452351 0.125811 0.185944 -0.200433 -0.524149 -0.367195 -3.29331 -3.25145
469 0.284759 0.185536 0.109297 -0.21028 -0.596953 -0.35383 -3.23197 -3.17721
819 0.300796 0.253339 0.22635 -0.285626 -0.525539 -0.365003 -3.26909 -3.24962
705 0.292716 0.157818 0.194127 -0.186541 -0.508252 -0.284214 -3.20357 -3.26575
628 0.266491 0.111509 0.0880867 -0.210677 -0.561348 -0.362903 -3.15359 -3.2256
143 0.364432 0.208719 -0.0153227 -0.187596 -0.568024 -0.347969 -3.10498 -3.08725
478 0.25853 0.159115 0.128645 -0.249505 -0.356698 -0.25382 -3.24926 -3.28459
528 0.301581 0.178216 0.137661 -0.287167 -0.523225 -0.337312 -3.16899 -3.29196
913 0.366227 0.116235 0.22 -0.23397 -0.424807 -0.350624 -3.3083 -3.26131
604 0.356645 0.166373 0.128845 -0.16177 -0.615027 -0.387044 -3.20515 -3.24222
67 0.29557 0.114379 0.174516 -0.184057 -0.500839 -0.415776 -3.13645 -3.29018
558 0.438434 0.234601 0.147718 -0.211073 -0.475451 -0.281019 -3.31375 -3.29213
766 0.357269 0.179372 0.182202 -0.152558 -0.321337 -0.247017 -3.27847 -3.2678
871 0.390589 0.169575 0.157619 -0.194023 -0.389507 -0.283494 -3.08354 -3.20579
852 0.394163 0.229156 0.19106 -0.235685 -0.470755 -0.2619 -3.21575 -3.21398
300 0.200988 0.167531 0.180597 -0.209324 -0.451011 -0.362913 -3.24517 -3.13494
164 0.208328 0.0628815 0.133604 -0.237638 -0.485378 -0.309008 -3.1225 -3.24076
154 0.341764 0.1957 0.149054 -0.269293 -0.487007 -0.215881 -3.24242 -3.29792
270 0.461973 0.187525 0.183566 -0.163429 -0.514496 -0.279601 -3.2863 -3.2494
446 0.297595 0.115565 0.18348 -0.188353 -0.439689 -0.30398 -3.10202 -3.20254
101 0.288542 0.105091 0.253608 -0.305361 -0.607418 -0.33594 -3.43395 -3.35579
231 0.256817 0.148989 0.111898 -0.158353 -0.408442 -0.369432 -3.28862 -3.32948
102 0.30061 0.0811558 0.0655983 -0.300113 -0.485438 -0.248926 -3.2636 -3.19552
217 0.409382 0.244354 0.0784237 -0.136083 -0.556145 -0.411672 -3.22452 -3.22513
369 0.465374 0.143347 0.110575 -0.20337 -0.620471 -0.374131 -3.08025 -3.14891
357 0.326313 0.225568 0.18036 -0.186322 -0.492786 -0.240654 -3.38653 -3.26484
358 0.181458 0.101817 0.193487 -0.225651 -0.459419 -0.351017 -3.32442 -3.31351
5 0.343786 0.101559 0.0988353 -0.226913 -0.403595 -0.370299 -3.25398 -3.28517
397 0.256002 0.24204 0.0956516 -0.276313 -0.496844 -0.295621 -3.18243 -3.34797
682 0.435982 0.268499 0.0566986 -0.151387 -0.526453 -0.403021 -3.22838 -3.26301
664 0.223275 0.136459 0.224499 -0.25828 -0.441221 -0.313032 -3.18414 -3.30783
721 0.360205 0.209286 0.0551811 -0.254412 -0.652245 -0.338454 -3.16357 -3.26565
63 0.34001 0.180877 0.181228 -0.311738 -0.526439 -0.348443 -3.20005 -3.2316
89 0.299433 0.131467 0.198005 -0.304219 -0.429857 -0.321992 -3.28315 -3.23118
275 0.355594 0.215917 0.0956878 -0.125979 -0.461139 -0.272774 -3.20246 -3.16992
872 -0.106968 -0.0425487 -0.196424 0.300863 0.205607 0.216695 -2.97675 -2.99745
455 0.307142 0.189945 0.258766 -0.238366 -0.580667 -0.396649 -3.26991 -3.31353
239 0.327072 0.232624 0.101467 -0.277361 -0.4962 -0.34485 -3.1832 -3.17992
139 0.392155 0.153388 0.0889035 -0.188809 -0.566391 -0.402377 -3.22287 -3.3063
560 0.351744 0.192059 0.222415 -0.244639 -0.483952 -0.324245 -3.2873 -3.39097
345 0.408115 0.218138 0.198685 -0.190373 -0.635526 -0.395217 -3.28891 -3.24145
313 0.340066 0.126919 0.15737 -0.269566 -0.525442 -0.325584 -3.18424 -3.22183
126 0.356163 0.170771 0.165494 -0.224098 -0.509387 -0.365296 -3.31289 -3.40456
76 0.277762 0.10744 0.151853 -0.131425 -0.341479 -0.260952 -3.24584 -3.18777
4 0.202312 0.161403 0.117289 -0.153965 -0.396407 -0.247015 -3.19601 -3.19396
457 0.418019 0.153563 0.114124 -0.141284 -0.501643 -0.323758 -3.26995 -3.26258
129 0.263012 0.172265 0.120425 -0.192853 -0.558537 -0.347333 -3.29221 -3.26915
460 0.356052 0.173236 0.104815 -0.136777 -0.576889 -0.316666 -3.23174 -3.26842
516 0.330943 0.169369 0.155059 -0.273176 -0.636307 -0.383328 -3.25279 -3.33742
433 0.431659 0.223109 0.0700231 -0.302509 -0.528672 -0.389717 -3.25794 -3.29909
569 0.36561 0.274004 0.20412 -0.241332 -0.532666 -0.349932 -3.32074 -3.20254
795 0.253498 0.202307 0.0628185 -0.213015 -0.524473 -0.256066 -3.11437 -3.18452
105 0.345345 0.12523 0.120203 -0.263488 -0.588183 -0.371979 -3.18742 -3.16536
59 0.370657 0.202466 0.175465 -0.1435 -0.661762 -0.399122 -3.27756 -3.34146
634 0.38321 0.162573 0.203877 -0.254895 -0.571163 -0.321861 -3.22924 -3.25452
114 0.452067 0.245248 0.148027 -0.168773 -0.577876 -0.356577 -3.19935 -3.22176
513 0.315788 0.131454 0.202174 -0.2884 -0.573862 -0.3304 -3.16923 -3.33111
633 0.286426 0.187289 0.143152 -0.249036 -0.578718 -0.305808 -3.21253 -3.34516
899 0.121119 0.0653021 0.135773 -0.287128 -0.284007 -0.164007 -3.16917 -3.20047
493 0.14506 0.0886931 0.105612 -0.194873 -0.19938 -0.112273 -2.97603 -2.91324
627 0.260596 0.098561 0.0896255 -0.198024 -0.394726 -0.212545 -3.27233 -3.26364
283 0.258977 0.172739 0.0873886 -0.253738 -0.515725 -0.351774 -3.29334 -3.24835
681 0.395703 0.19441 0.108538 -0.151304 -0.590613 -0.371103 -3.11325 -3.09342
268 0.371517 0.169459 0.168685 -0.232299 -0.560597 -0.291983 -3.29542 -3.29742
835 0.195396 0.133025 0.0620655 0.00521932 -0.224862 -0.255069 -2.86695 -2.9504
178 0.30751 0.220277 0.093847 -0.209794 -0.470087 -0.384177 -3.17137 -3.21604
810 0.37265 0.150633 0.167758 -0.254478 -0.490226 -0.338157 -3.25297 -3.30699
183 0.306057 0.114843 0.113084 -0.159457 -0.571087 -0.321519 -3.29987 -3.31097
430 0.325197 0.153441 0.187779 -0.194848 -0.578602 -0.413495 -3.29836 -3.29332
556 0.406082 0.179816 0.114527 -0.252294 -0.455846 -0.279148 -3.2223 -3.24508
366 0.268068 0.240708 0.190615 -0.294654 -0.527967 -0.318625 -3.17389 -3.31223
95 0.314004 0.151886 0.181347 -0.208853 -0.454178 -0.288699 -3.21802 -3.28087
465 0.304296 0.121911 0.106407 -0.265122 -0.529192 -0.338835 -3.09072 -3.09708
502 0.432785 0.247517 0.154072 -0.278466 -0.641458 -0.245436 -3.20613 -3.24979
716 0.28002 0.18357 0.214567 -0.28165 -0.530918 -0.300271 -3.26023 -3.26109
741 -0.0400931 -0.096609 0.0814582 -0.0470998 -0.126308 -0.0743391 -3.05047 -3.023
781 0.433344 0.230872 0.252753 -0.288958 -0.549401 -0.37565 -3.19058 -3.27233
555 0.287668 0.261237 0.0899875 -0.088462 -0.515827 -0.35426 -3.27206 -3.14819
306 0.345378 0.192055 0.230444 -0.292286 -0.49586 -0.353178 -3.16511 -3.2429
841 0.291568 0.195286 0.198894 -0.193982 -0.514418 -0.308359 -3.27253 -3.14218
870 0.332717 0.126215 0.116632 -0.165534 -0.512305 -0.38747 -3.09584 -3.11908
693 0.336077 0.193196 0.114803 -0.167284 -0.592293 -0.382619 -3.2736 -3.14065
636 0.387121 0.226461 0.0875725 -0.181806 -0.611667 -0.373139 -3.33067 -3.30981
587 0.216818 0.213666 0.147827 -0.224402 -0.562972 -0.497916 -3.28592 -3.24627
365 0.324169 0.164864 0.152627 -0.278745 -0.454867 -0.289843 -3.2653 -3.28968
403 0.150877 0.108389 -0.0946617 0.0765515 -0.115693 -0.0970143 -3.02852 -3.01462
902 0.300435 0.233429 0.173774 -0.349687 -0.489329 -0.318482 -3.19721 -3.20183
782 0.351342 0.14206 0.0992158 -0.182536 -0.524122 -0.400989 -3.09733 -3.18548
293 0.378571 0.135327 0.130639 -0.314077 -0.562028 -0.38689 -3.33868 -3.33241
585 0.45528 0.139622 0.090705 -0.253578 -0.590537 -0.31098 -3.25055 -3.26521
142 0.312272 0.134137 0.102165 -0.19736 -0.508904 -0.359179 -3.16232 -3.23456
809 0.315806 0.173667 0.206463 -0.253564 -0.480925 -0.35274 -3.21636 -3.29183
786 0.250256 0.157105 0.0563983 -0.188704 -0.701463 -0.360685 -3.28616 -3.32348
103 0.384142 0.210834 0.277795 -0.320056 -0.451779 -0.335996 -3.2521 -3.28172
406 0.377799 0.168372 0.114255 -0.200312 -0.602164 -0.352085 -3.20137 -3.32866
299 0.29665 0.189221 0.146158 -0.185602 -0.495912 -0.332955 -3.12914 -3.16885
113 0.378537 0.178729 0.150135 -0.259705 -0.585819 -0.373169 -3.29346 -3.37284
7 0.107342 0.115062 0.0447163 -0.0101434 -0.0741492 -0.0694154 -2.95873 -3.05061
498 0.253344 0.144154 0.0464379 -0.0864533 -0.3123 -0.267693 -3.13753 -3.14804
550 0.267329 0.143608 0.0976421 -0.230154 -0.647527 -0.39471 -3.2893 -3.28703
641 0.365661 0.143995 0.221799 -0.296551 -0.468163 -0.294646 -3.33548 -3.34027
749 0.237 0.0865606 0.127538 -0.203034 -0.429625 -0.31805 -3.2102 -3.24527
559 0.238055 0.148261 0.164889 -0.175762 -0.488041 -0.299289 -3.28835 -3.32826
888 0.422632 0.11466 0.0868728 -0.204647 -0.634549 -0.426336 -3.17974 -3.24418
570 0.391283 0.212772 0.146787 -0.149218 -0.482957 -0.32986 -3.23779 -3.11897
168 0.244543 0.196102 0.127018 -0.265301 -0.446417 -0.262765 -3.21766 -3.14595
373 0.223866 0.133865 0.113804 -0.285857 -0.535439 -0.412963 -3.22991 -3.21583
93 0.352827 0.191009 0.0305681 -0.174885 -0.572856 -0.308469 -3.19013 -3.22477
330 0.150899 0.035293 0.00639624 -0.209423 -0.364258 -0.264056 -3.04995 -3.04055
756 0.425058 0.224618 0.189543 -0.256976 -0.483615 -0.231537 -3.26039 -3.27288
438 0.236531 0.158141 0.139384 -0.167866 -0.302158 -0.258537 -3.15793 -3.1131
543 0.469143 0.190475 0.0459485 -0.244413 -0.546164 -0.370592 -3.20671 -3.25721
418 0.423799 0.123537 0.195931 -0.245985 -0.54483 -0.307308 -3.08213 -3.20302
752 0.294351 0.184056 0.255826 -0.318621 -0.514849 -0.366731 -3.26235 -3.36754
891 0.451974 0.188441 0.170937 -0.272378 -0.63352 -0.432528 -3.26629 -3.29364
170 0.281191 0.14211 0.142524 -0.193087 -0.361768 -0.29706 -3.1636 -3.18028
323 0.194138 0.178196 0.0512309 -0.16818 -0.466315 -0.188719 -3.1594 -3.1347
169 0.302785 0.148883 0.157236 -0.136045 -0.459758 -0.324877 -3.20094 -3.27808
413 0.294091 0.188213 0.0861713 -0.201439 -0.542178 -0.328898 -3.26238 -3.18384
138 0.406692 0.233834 0.109037 -0.236367 -0.647068 -0.368014 -3.16457 -3.2181
699 0.4114 0.191324 0.179456 -0.123646 -0.511982 -0.422579 -3.223 -3.21764
20 0.37712 0.238919 0.117862 -0.236487 -0.499987 -0.334945 -3.12786 -3.13614
439 0.337733 0.188365 0.0601075 -0.219534 -0.579335 -0.32915 -3.08019 -3.19959
696 0.354447 0.145581 0.115579 -0.134743 -0.467263 -0.335575 -3.18126 -3.23689
414 0.284129 0.212213 0.125451 -0.23445 -0.554832 -0.406848 -3.23237 -3.23609
144 0.269103 0.210293 0.15393 -0.285454 -0.463151 -0.28767 -3.26177 -3.21951
600 0.27877 0.180328 0.0904746 -0.137793 -0.323914 -0.225038 -3.06555 -3.12023
311 0.317746 0.241096 0.158836 -0.221571 -0.479031 -0.346799 -3.3338 -3.27235
295 0.439803 0.198313 0.129063 -0.138821 -0.573822 -0.353901 -3.17258 -3.19114
553 0.32441 0.155752 0.092644 -0.152907 -0.515979 -0.293136 -3.24727 -3.28505
529 0.303375 0.244874 0.131946 -0.273146 -0.445522 -0.257503 -3.28943 -3.23184
185 0.493143 0.188054 0.0737816 -0.162531 -0.525095 -0.260243 -3.20138 -3.19013
50 0.330207 0.23131 0.0415787 -0.207296 -0.487069 -0.32795 -3.18974 -3.24448
879 0.340442 0.234375 0.0742794 -0.134724 -0.536857 -0.277622 -3.0431 -3.18438
740 0.281398 0.152533 0.180163 -0.329354 -0.489538 -0.341635 -3.20479 -3.23566
889 0.391329 0.227064 0.0813762 -0.253254 -0.500701 -0.358686 -3.16297 -3.23319
140 0.364726 0.204005 0.152397 -0.290773 -0.427914 -0.34824 -3.29745 -3.25342
473 0.426813 0.132603 0.0414824 -0.142565 -0.663344 -0.408241 -3.20383 -3.11794
318 0.417461 0.165674 0.0567902 -0.297879 -0.512502 -0.402928 -3.23913 -3.28106
534 0.349928 0.190965 0.102801 -0.19479 -0.616528 -0.346544 -3.21256 -3.1694
81 0.30933 0.130893 0.141825 -0.267407 -0.532206 -0.276704 -3.2336 -3.3355
499 0.389662 0.128166 0.243884 -0.398084 -0.547641 -0.294958 -3.29278 -3.3228
190 0.309508 0.167759 0.137507 -0.282331 -0.554291 -0.313745 -3.23492 -3.16679
490 0.35446 0.208651 0.15628 -0.316912 -0.568525 -0.397909 -3.39944 -3.34461
297 0.405001 0.152715 0.213272 -0.209237 -0.495739 -0.392334 -3.23498 -3.3008
66 0.333376 0.164528 0.0789456 -0.192248 -0.563876 -0.324586 -3.23474 -3.17388
87 0.315588 0.232235 0.184238 -0.286008 -0.538163 -0.415929 -3.19964 -3.33877
160 0.390466 0.188778 0.268762 -0.350202 -0.540294 -0.383078 -3.33029 -3.25365
322 0.379307 0.176784 -0.00141148 -0.2333 -0.650769 -0.398634 -3.21814 -3.25869
621 0.276428 0.0902376 0.0517032 -0.0992706 -0.424859 -0.292969 -3.06183 -3.15947
259 0.355874 0.157976 0.0592871 -0.226263 -0.480218 -0.273885 -3.23731 -3.31404
844 0.303305 0.134471 0.118646 -0.112157 -0.660042 -0.379181 -3.248 -3.23292
882 0.138739 0.145245 0.0372995 -0.0900865 -0.196432 -0.0803733 -3.08554 -3.02551
134 0.382393 0.232402 0.124854 -0.123387 -0.571848 -0.484363 -3.16614 -3.06107
813 0.359719 0.167944 0.102519 -0.275227 -0.478994 -0.333137 -3.33276 -3.37112
179 0.372638 0.170183 0.150085 -0.242645 -0.547403 -0.322067 -3.09487 -3.09822
631 0.382088 0.170306 0.229994 -0.225 -0.566087 -0.38158 -3.39328 -3.28757
675 0.32162 0.215471 0.114609 -0.1749 -0.5228 -0.354373 -3.2685 -3.37511
286 0.304399 0.126808 0.122067 -0.267237 -0.53766 -0.393966 -3.2173 -3.16273
468 0.381713 0.133089 0.0722412 -0.189482 -0.5321 -0.327028 -3.27464 -3.29636
718 0.208635 0.142511 0.16194 -0.314572 -0.576839 -0.369511 -3.30857 -3.31379
277 0.277972 0.108766 0.152557 -0.258462 -0.581975 -0.40873 -3.25402 -3.28404
78 0.342739 0.161063 0.105396 -0.264502 -0.587441 -0.363013 -3.19517 -3.29632
630 0.318303 0.177605 0.159784 -0.189425 -0.490849 -0.401495 -3.28378 -3.25062
802 0.33015 0.126722 0.116594 -0.145265 -0.601561 -0.41975 -3.14795 -3.23734
762 0.314283 0.249318 0.127966 -0.243651 -0.540425 -0.38186 -3.23118 -3.18284
355 0.315124 0.0925966 0.15844 -0.233759 -0.595219 -0.383918 -3.24032 -3.31895
171 0.353327 0.227095 0.211245 -0.27579 -0.644961 -0.352038 -3.22366 -3.31683
45 0.310187 0.250759 0.0613235 -0.173705 -0.501064 -0.386554 -3.25174 -3.3242
22 0.30945 0.147124 0.178218 -0.157129 -0.380235 -0.242405 -3.21165 -3.17843
374 0.269801 0.181769 0.12548 -0.252267 -0.413156 -0.282988 -3.32713 -3.34418
805 0.359426 0.202813 0.0614905 -0.180289 -0.534056 -0.452664 -3.17027 -3.21761
376 0.330158 0.254294 0.18903 -0.235139 -0.39381 -0.268041 -3.1972 -3.17705
290 0.310683 0.137923 0.144003 -0.315059 -0.60694 -0.294744 -3.20342 -3.2215
801 0.340099 0.229015 0.12334 -0.202929 -0.355599 -0.329773 -3.27484 -3.1998
384 0.273327 0.145959 0.208261 -0.227164 -0.416135 -0.295477 -3.16839 -3.24017
515 0.353027 0.19689 0.110024 -0.28572 -0.546886 -0.392862 -3.31631 -3.30697
402 0.272067 0.0973847 0.143764 -0.152674 -0.563379 -0.383628 -3.29531 -3.23073
722 0.407087 0.140595 0.0743616 -0.279601 -0.608048 -0.428489 -3.2136 -3.17249
773 0.431743 0.198853 0.0316804 -0.223475 -0.571665 -0.383673 -3.33447 -3.34165
614 0.337944 0.215995 0.146618 -0.303187 -0.566968 -0.278319 -3.22268 -3.27464
767 0.197079 0.0602797 0.195803 -0.195346 -0.371591 -0.241992 -3.10368 -3.12205
509 0.298755 0.247018 0.185263 -0.233939 -0.486197 -0.311987 -3.16083 -3.19733
542 0.36679 0.27017 0.17674 -0.212805 -0.542348 -0.288995 -3.23861 -3.21396
256 0.245158 0.0926919 0.220234 -0.427877 -0.611135 -0.29852 -3.30674 -3.40273
353 0.336127 0.222753 0.156831 -0.157322 -0.605116 -0.400134 -3.19131 -3.23592
271 0.372088 0.164119 0.214843 -0.228771 -0.483323 -0.363756 -3.15635 -3.18653
348 0.101783 0.0779903 -0.0346968 -0.0120396 -0.295122 -0.0615676 -3.17685 -3.15844
52 0.36304 0.2282 0.0173717 -0.182229 -0.609704 -0.38736 -3.327 -3.33465
583 0.33039 0.21413 0.166575 -0.259242 -0.395828 -0.270294 -3.07858 -3.22954
34 0.315248 0.14253 0.0619594 -0.326443 -0.57331 -0.406331 -3.21547 -3.25718
770 0.345512 0.118288 0.147305 -0.214073 -0.480402 -0.385152 -3.27525 -3.22509
285 0.340302 0.156771 0.17837 -0.247539 -0.521379 -0.33499 -3.33825 -3.34076
219 0.325063 0.0768247 0.118976 -0.194613 -0.506855 -0.325939 -3.18725 -3.22578
578 0.446255 0.261981 0.137743 -0.198447 -0.577848 -0.395603 -3.29003 -3.32676
437 0.367987 0.19303 0.120448 -0.329577 -0.38539 -0.274572 -3.27751 -3.28474
33 0.327991 0.195033 0.171573 -0.251301 -0.506966 -0.348813 -3.26052 -3.28494
826 0.371258 0.171424 0.205288 -0.377328 -0.432384 -0.382294 -3.32936 -3.30785
909 0.232903 0.175498 0.0403971 -0.118298 -0.476669 -0.435304 -3.18187 -3.14997
877 0.0608139 0.074277 -0.0291337 0.0762887 0.10468 0.0807472 -3.00402 -3.09756
280 0.270442 0.185531 0.0519816 -0.186748 -0.340224 -0.227514 -3.17447 -3.12116
419 0.367578 0.205639 0.0863265 -0.215267 -0.4999 -0.301924 -3.21366 -3.24132
647 0.230282 0.183225 0.00537479 -0.127184 -0.387032 -0.338099 -3.22785 -3.23713
788 0.329334 0.151002 0.150734 -0.11906 -0.51827 -0.390797 -3.19758 -3.28741
720 0.284864 0.0888673 0.182431 -0.339467 -0.392834 -0.289129 -3.278 -3.22864
883 0.305877 0.202952 0.140631 -0.187683 -0.58561 -0.413507 -3.24543 -3.30342
106 0.363197 0.215658 0.0998363 -0.168626 -0.560358 -0.336993 -3.18199 -3.20444
23 0.334603 0.124185 0.169832 -0.152734 -0.457099 -0.349218 -3.29537 -3.26926
220 0.426747 0.209659 0.215576 -0.222698 -0.601216 -0.366526 -3.26019 -3.29064
489 0.469249 0.153002 0.206377 -0.336449 -0.47149 -0.360403 -3.26637 -3.30673
482 0.44062 0.213329 0.137595 -0.272142 -0.553771 -0.382937 -3.24797 -3.29745
845 0.272234 0.145107 0.184395 -0.263467 -0.318269 -0.242535 -3.26693 -3.20121
333 0.36151 0.112085 0.110755 -0.196179 -0.501725 -0.342586 -3.33875 -3.19637
172 0.308652 0.121705 0.214364 -0.376121 -0.473085 -0.284927 -3.24745 -3.28082
640 0.29612 0.138446 0.142714 -0.018845 -0.630855 -0.365356 -3.24699 -3.25941
35 0.328587 0.104628 0.212297 -0.187143 -0.595171 -0.36768 -3.29487 -3.20856
163 0.219215 0.112553 -0.0580552 0.013007 -0.208304 -0.178167 -3.08193 -3.02574
510 0.365125 0.186564 0.103511 -0.224875 -0.439554 -0.379432 -3.13005 -3.10595
39 0.171701 0.0505743 0.113338 -0.240082 -0.25687 -0.182123 -3.01604 -3.00538
540 0.40919 0.167467 0.129489 -0.226646 -0.591499 -0.338142 -3.26082 -3.33051
863 0.28081 0.135305 0.123787 -0.234144 -0.489717 -0.28705 -3.2344 -3.2196
855 0.321205 0.152644 0.119225 -0.195188 -0.385759 -0.336366 -3.19929 -3.27767
751 0.21398 0.0578609 0.0477569 -0.149768 -0.19836 -0.147887 -3.19823 -3.096
166 0.374494 0.218973 0.0993587 -0.184489 -0.607288 -0.466991 -3.14212 -3.19323
680 0.344485 0.287781 0.130651 -0.227529 -0.528388 -0.300115 -3.32976 -3.2722
880 0.316349 0.238204 0.036777 -0.0870457 -0.363026 -0.257383 -3.25492 -3.27171
208 0.38482 0.196107 0.119937 -0.26097 -0.483524 -0.413793 -3.30523 -3.29204
613 0.339645 0.181768 0.180155 -0.256488 -0.482175 -0.214785 -3.26346 -3.36284
896 0.324587 0.101881 0.13814 -0.114659 -0.546144 -0.313002 -3.15741 -3.18294
38 0.316729 0.158879 0.16704 -0.196906 -0.642521 -0.375892 -3.21092 -3.18161
234 0.20856 0.0602284 0.127724 -0.241082 -0.129965 -0.106734 -3.24583 -3.28052
471 0.455435 0.20006 0.107905 -0.212901 -0.57166 -0.381393 -3.25591 -3.24822
37 0.324696 0.196105 0.139848 -0.176788 -0.524323 -0.394927 -3.14184 -3.14143
598 0.23146 0.0686208 0.165746 -0.287663 -0.307789 -0.0906092 -3.12177 -3.14781
624 0.148139 0.0427378 0.104447 -0.0911973 -0.180787 -0.143823 -3.0125 -3.15777
454 0.251987 0.219017 0.109318 -0.140791 -0.292485 -0.222736 -3.10217 -3.18039
589 0.266463 0.110499 0.288419 -0.351128 -0.323209 -0.222866 -3.17367 -3.22196
321 0.333091 0.17752 0.224755 -0.352772 -0.458473 -0.256479 -3.19763 -3.25291
379 0.139157 0.150477 0.0439664 -0.129348 -0.323021 -0.234918 -3.17572 -3.15799
350 0.248652 0.103136 0.0660803 -0.252174 -0.360272 -0.270564 -3.22784 -3.23062
174 0.0422431 -0.00483222 -0.0832145 0.0803387 -0.0106528 0.00499957 -2.4112 -2.3347
895 0.345214 0.223608 0.219766 -0.215275 -0.549253 -0.42981 -3.21163 -3.22623
797 0.120413 0.0319452 0.0113349 -0.0800942 -0.224494 -0.075981 -3.08757 -3.09458
737 0.268683 0.131021 0.120459 -0.327123 -0.424637 -0.28584 -3.31956 -3.32989
662 0.337218 0.152789 0.118114 -0.190633 -0.435664 -0.254541 -3.21851 -3.16063
207 0.393836 0.257986 0.15346 -0.302513 -0.517745 -0.377331 -3.20351 -3.19526
440 0.452526 0.18988 0.0588644 -0.175201 -0.543653 -0.349625 -3.09691 -3.1404
54 0.245846 0.168502 0.171436 -0.314694 -0.589888 -0.44175 -3.19605 -3.2148
865 0.385294 0.138912 0.0840206 -0.112397 -0.558719 -0.336671 -3.17827 -3.21416
69 0.392804 0.172965 0.146191 -0.327398 -0.451622 -0.285725 -3.18635 -3.32732
44 0.0769772 0.0912731 0.0645239 -0.104473 -0.278261 -0.18495 -3.30191 -3.21896
395 0.321254 0.200841 0.152041 -0.315457 -0.445687 -0.337667 -3.24807 -3.30109
307 0.316822 0.163406 0.106261 -0.170904 -0.483878 -0.335198 -3.11307 -3.1689
676 0.336965 0.12831 0.116031 -0.169999 -0.319697 -0.330312 -3.10378 -3.04421
666 0.0934416 0.0417286 -0.0150132 -0.0117973 -0.122574 -0.102441 -2.92445 -2.98428
441 0.327757 0.138235 0.141541 -0.256844 -0.365034 -0.182104 -3.15116 -3.18762
241 0.336633 0.198979 0.262452 -0.341229 -0.344105 -0.206808 -3.20896 -3.23862
908 0.0250804 -0.0420776 0.000931966 -0.0158982 0.0340098 -0.00392274 -2.95552 -2.93397
53 0.40496 0.188122 0.175363 -0.219701 -0.532119 -0.392123 -3.29128 -3.21162
40 0.382379 0.199308 0.164051 -0.172822 -0.619201 -0.378957 -3.18362 -3.34131
914 0.25992 0.057759 0.133037 -0.256325 -0.337759 -0.182749 -3.32013 -3.31869
416 0.234978 0.0414966 0.0271326 -0.0471111 -0.171893 -0.0998787 -3.21662 -3.23312
503 0.142904 0.0844191 0.0437538 -0.0247143 -0.205188 -0.110153 -2.88461 -2.94245
206 -0.0411969 0.0306857 -0.0660468 0.0602885 -0.10787 -0.125191 -2.31795 -2.34021
147 0.0063403 -0.00674006 0.0636741 -0.131638 -0.0660797 -0.0895569 -2.91087 -2.89265
574 -0.118658 -0.09859 -0.0257465 0.0604752 0.175698 0.124627 -2.74666 -2.8004
