788 4
54 -1.01995 0.0809636 0.619358 -2.56909
41 -0.676621 0.123506 0.536649 -2.57067
43 -0.293839 0.00113514 0.53423 -2.62224
487 0.160337 -0.130908 0.696405 -2.59818
62 -0.137517 0.144716 0.592943 -2.68056
362 0.166408 0.412181 0.120422 -2.49851
368 0.0227687 0.00277922 0.677083 -2.7228
450 0.0883986 -0.127314 0.750147 -2.66513
247 -0.12463 0.153122 0.694215 -2.7381
383 -0.313117 0.416834 0.726222 -2.7712
237 -0.0536825 -0.0563977 0.844969 -2.78454
110 0.0520043 -0.0698513 0.687187 -2.80096
222 0.311621 -0.077874 0.728556 -2.84245
178 0.0428843 -0.0117573 0.722937 -2.72563
22 0.0561813 -0.0191733 0.681439 -2.69699
234 0.527685 -0.0605158 0.337132 -2.51936
187 0.908774 0.0276798 0.413458 -2.79208
249 0.580233 0.0786273 0.565877 -2.84443
230 0.124429 0.0508848 0.781641 -2.80318
448 -0.41372 0.401797 0.673749 -2.845
532 0.0879814 -0.0347658 0.504686 -2.56252
406 0.214279 -0.0480619 0.68811 -2.72813
277 -0.0492192 0.112367 0.733543 -2.78782
25 -0.48647 0.338026 0.443097 -2.65879
26 0.0570806 0.0977927 0.406713 -2.62955
190 0.242809 0.13766 0.48706 -2.7269
698 0.217453 -0.0866998 0.383283 -2.42045
472 -0.00339084 0.31714 0.432682 -2.63433
213 -0.100486 0.157637 0.750211 -2.72507
391 -0.194424 0.334498 0.651539 -2.77482
296 0.265976 -0.0912756 0.763354 -2.80497
274 0.186069 -0.169557 0.704389 -2.74715
725 0.00636885 -0.0117913 0.536637 -2.23185
246 0.240654 0.0935573 0.451158 -2.64028
276 -0.095666 -0.0501867 0.807184 -2.81803
273 0.00349027 0.0205816 0.880444 -2.82576
479 -0.0493496 0.359327 0.30622 -2.4494
228 0.24855 0.00474371 0.707686 -2.75929
144 0.216434 -0.474897 0.64254 -2.62232
443 -0.203437 0.0719456 0.621111 -2.29096
67 -0.739482 0.099413 0.503131 -2.49026
92 -0.592839 0.143177 0.784255 -2.68802
107 -0.63868 -0.0237112 0.488669 -2.36844
40 -0.799932 0.17414 0.586648 -2.57612
38 -0.391572 0.000234874 0.574754 -2.63384
403 -0.11576 0.310837 0.608627 -2.79013
453 -0.248939 0.079641 0.686146 -2.56405
454 0.0247633 0.0308305 0.854552 -2.78492
129 0.00255409 -0.153283 0.380881 -2.56135
59 -0.70419 0.0582831 0.503858 -2.50477
97 -0.139909 0.128499 0.0297725 -2.46098
56 -0.760234 -0.0204287 0.610982 -2.47486
66 -0.686025 0.249996 0.533728 -2.5612
117 -0.283725 -0.242222 0.645114 -2.63772
404 -0.176405 0.550501 0.540372 -2.75679
451 -0.495026 0.0857267 0.906473 -2.74373
286 -0.234747 0.425687 0.642982 -2.79334
445 -0.450999 0.15139 0.954587 -2.75905
203 -0.213302 0.172087 0.796723 -2.70854
188 -0.211486 0.326469 0.710138 -2.83474
394 -0.115087 0.582148 0.586671 -2.73098
252 0.101611 0.0508459 0.731264 -2.79914
211 0.199624 0.138306 0.518937 -2.70263
528 0.318477 0.225342 0.515168 -2.63209
356 -0.217916 0.0414484 0.820634 -2.7409
195 0.381056 -0.206358 0.832687 -2.88763
410 -0.0387057 0.00620989 0.839176 -2.77759
379 -0.0701327 0.176912 0.627775 -2.69807
322 0.290282 0.877918 -0.422017 -2.57857
271 0.489815 -0.155718 0.391917 -2.55458
425 0.393741 -0.0370317 0.302424 -2.56355
437 -0.164597 0.163511 0.6705 -2.70674
256 0.566514 -0.227291 0.667463 -2.86255
209 0.438681 0.00995802 0.785342 -2.95393
242 0.663548 -0.390168 0.735907 -2.85661
505 -0.0972605 0.0525829 0.745209 -2.67273
221 -0.205678 0.109821 0.751703 -2.78316
439 -0.35202 0.732819 0.49024 -2.73407
603 -0.352426 0.55307 0.719982 -2.81166
108 -0.106012 0.3031 0.390595 -2.6402
350 0.231515 0.878101 -0.106062 -2.60621
123 -0.0452541 0.120264 -0.323687 -2.53908
219 0.269142 0.756702 -0.126379 -2.56107
189 -0.0359199 0.111234 0.707708 -2.77876
409 -0.0995677 0.35888 0.646979 -2.70836
441 -0.332787 0.276668 0.542498 -2.38617
536 0.258781 0.00815825 0.665025 -2.67297
241 -0.130582 0.153051 0.756633 -2.7814
433 -0.00723476 0.00633195 0.665859 -2.66901
529 0.463729 -0.0641807 0.423729 -2.39327
254 0.858973 -0.0220423 0.349981 -2.67367
214 0.627508 -0.221222 0.587819 -2.81015
218 0.47378 -0.235322 0.780519 -2.83794
196 0.366597 -0.271337 0.80382 -2.8569
263 0.0749814 0.10329 0.738689 -2.84684
444 -0.424461 0.0499809 0.739702 -2.65462
184 -0.420817 0.340684 0.858221 -2.78361
525 0.154384 -0.12122 0.588652 -2.53091
477 0.00193838 -0.0537848 0.671768 -2.59895
540 0.132326 -0.0847935 0.152322 -2.54829
119 0.0570169 -0.60241 0.122934 -2.52054
262 0.262706 0.302458 0.473164 -2.69252
42 -0.394384 0.486404 0.517485 -2.63924
51 -0.566867 0.166553 0.596476 -2.66548
369 0.255422 -0.0623609 0.602386 -2.66679
400 0.0416009 -0.0858699 0.621257 -2.70399
613 -0.167406 0.214962 0.581015 -2.62524
63 -0.187587 0.327262 0.186892 -2.53715
88 -0.700268 0.1737 0.48859 -2.57947
83 -0.698216 0.578346 0.397875 -2.70835
90 -0.313234 -0.032985 0.76429 -2.71399
91 -0.0277771 0.0807311 0.65526 -2.7725
488 0.119604 0.0377595 0.657524 -2.59655
302 0.246992 0.145532 0.57754 -2.67225
493 -0.0534467 0.0285221 0.696326 -2.61205
644 -0.233228 0.0911145 0.417523 -2.39038
101 -0.621527 0.127647 0.791287 -2.76027
250 -0.300449 0.292384 0.635339 -2.76108
579 -0.232115 0.777449 0.374804 -2.72479
186 0.370307 -0.177739 0.833761 -2.84545
204 -0.0225816 -0.151857 0.812014 -2.7691
86 0.170207 -0.149241 0.510923 -2.64598
396 -0.153508 0.156842 0.731318 -2.8103
212 0.112927 0.0917038 0.748454 -2.83402
411 -0.183848 0.516184 0.637552 -2.78587
303 0.26092 0.279657 0.218011 -2.40339
293 0.52338 0.0272777 0.219275 -2.5787
202 0.557568 -0.0165144 0.519757 -2.67688
258 0.395825 -0.113492 0.738605 -2.85722
669 0.0844877 0.0154672 0.010199 -2.38741
87 0.0683714 -0.0964641 -0.0048831 -2.49695
623 0.248521 0.192415 0.0530491 -2.51578
665 0.117641 -0.0837046 0.212435 -2.51066
85 0.107756 0.0369931 0.0282962 -2.48067
666 0.0877974 -0.185387 0.148101 -2.50345
36 0.366162 0.00479513 0.191153 -2.65061
516 0.0797171 0.15736 0.272929 -2.48824
245 0.17278 0.188868 0.520762 -2.72543
255 -0.326827 0.184191 0.873679 -2.77976
102 -0.301497 0.172352 0.810167 -2.80705
78 -0.134198 0.195427 0.734182 -2.80401
65 -0.249177 0.664616 0.377944 -2.69787
177 0.489709 -0.173221 0.732807 -2.72736
173 0.454157 -0.0585656 0.703481 -2.82944
226 0.247908 0.116638 0.553469 -2.59033
175 0.421475 -0.099298 0.755119 -2.85164
440 -0.202504 0.142944 0.692878 -2.60947
452 -0.228176 0.368146 0.633387 -2.73029
169 -0.397408 -0.34186 0.30901 -2.54173
455 -0.550851 0.0898118 0.913427 -2.72097
231 -0.196651 0.144476 0.89025 -2.87379
44 -0.346752 0.795732 0.435715 -2.77022
208 -0.0382029 0.0365631 0.45314 -2.44733
156 -0.0781682 -0.38697 0.133965 -2.53887
381 -0.106548 0.0117905 0.82727 -2.74324
5 -0.475256 -0.0517513 0.403946 -2.49054
194 0.403224 0.331794 0.107773 -2.63596
294 0.382754 0.171165 0.422325 -2.6578
313 -0.130898 0.151587 0.26272 -2.32938
308 -0.322358 0.804051 0.460241 -2.63821
320 -0.290887 0.828226 0.471434 -2.70057
593 -0.314697 0.779999 0.464505 -2.69734
485 -0.302163 0.607336 0.604326 -2.72899
94 -0.541694 0.0921015 0.697255 -2.68455
270 -0.0251167 0.47621 0.284406 -2.40559
84 -0.0358673 0.74258 -0.0730734 -2.50488
359 -0.157929 0.800883 0.178837 -2.59969
335 0.0575141 0.941011 -0.130066 -2.58184
99 -0.677679 -0.200265 0.252878 -2.54202
115 -0.481552 -0.429122 0.196999 -2.509
3 -0.246472 -0.531384 -0.00459749 -2.51571
662 -0.0488073 -0.132593 -0.0821042 -1.56752
637 0.00584447 0.0800463 0.308224 -2.44715
502 0.537259 0.339132 0.0794931 -2.65488
79 -0.71859 0.0807509 0.360732 -2.57034
701 -0.136602 0.0263573 0.081282 -2.15807
747 -0.0840758 0.110523 0.107169 -2.13166
678 -0.301067 -0.0262687 0.184741 -2.33689
677 -0.435135 -0.0367073 0.20843 -2.36415
297 -0.191413 -0.118844 0.298158 -2.38794
141 -0.213 -0.510314 -0.0188344 -2.56623
152 -0.17374 -0.433871 -0.0881593 -2.5064
167 -0.357248 -0.26942 -0.02668 -2.52477
150 -0.038506 -0.453344 0.0594726 -2.4644
620 -0.0176257 0.0698885 0.316578 -2.60721
7 0.00770019 0.0744695 0.174677 -2.55474
541 -0.0920637 0.0653422 -0.140372 -2.49231
279 0.0605301 0.0652285 0.193956 -2.6207
114 -0.196069 -0.518352 0.0176816 -2.52544
139 -0.3132 -0.0671651 0.0958336 -2.43204
127 -0.236238 -0.470319 0.0224354 -2.52261
120 -0.374149 -0.450677 0.0906062 -2.47532
89 -0.606581 -0.446151 0.262355 -2.57202
496 -0.316946 0.115025 0.58335 -2.54833
151 -0.243121 -0.360582 0.0999709 -2.45408
100 -0.531699 -0.378787 0.388099 -2.49831
147 -0.177127 -0.50213 -0.00189103 -2.54165
140 -0.291602 -0.456219 -0.0959765 -2.54008
134 -0.297306 -0.564756 -0.103433 -2.50439
499 -0.171154 0.0286427 0.451571 -2.26362
179 0.0587583 0.233612 0.347489 -2.50695
609 -0.0868052 0.155919 0.295243 -2.09765
608 -0.182861 0.247369 0.458421 -2.46965
600 -0.186304 0.68882 0.559147 -2.72159
339 -0.246767 0.779487 0.374881 -2.66751
578 -0.321542 0.661527 0.510838 -2.74849
253 -0.235709 0.394334 0.753415 -2.80749
625 -0.120347 0.178932 0.499616 -2.19069
492 -0.373362 0.667257 0.645427 -2.7442
580 -0.261684 0.663486 0.483168 -2.71789
321 -0.193229 0.672212 0.348483 -2.66081
412 -0.257034 0.0643408 0.618212 -2.56081
131 -0.42665 -0.562457 -0.12739 -2.52544
18 -0.151108 -0.266843 -0.0667978 -2.51226
153 -0.267579 -0.434887 0.0957729 -2.54691
133 -0.324164 -0.284207 0.146302 -2.50244
31 -0.279577 0.164563 0.152182 -2.39598
2 0.134532 0.263088 0.163034 -2.52879
504 0.0231273 -0.109267 0.63543 -2.65544
272 0.151173 -0.0543032 0.595105 -2.61039
159 -0.215228 -0.475996 0.0787821 -2.51498
163 -0.24963 -0.411404 -0.0101072 -2.55162
126 -0.162608 -0.478038 0.151128 -2.49577
158 0.127022 -0.352367 0.0986736 -2.48357
183 0.0910685 0.295379 0.444825 -2.6796
236 -0.391371 0.576113 0.718407 -2.8339
575 -0.17785 0.623488 0.534969 -2.68603
275 -0.169702 0.663274 0.596036 -2.79503
319 0.0783937 0.893032 -0.250914 -2.59574
429 0.0299151 0.0901864 0.169952 -2.37123
111 -0.179201 -0.169185 0.563985 -2.65854
632 -0.113416 0.163188 0.595013 -2.67638
642 -0.233913 0.453099 0.171407 -2.44692
643 -0.123797 0.479185 0.235216 -2.55186
646 -0.0358526 0.317534 0.375044 -2.37206
647 0.0154224 0.369827 0.282567 -2.48234
649 -0.195316 0.321828 0.23914 -2.43913
353 0.143536 0.795009 -0.0557057 -2.62928
205 -0.00952869 0.677891 0.131253 -2.61012
327 0.37046 0.632051 -0.209554 -2.68041
337 0.129501 0.880651 -0.22891 -2.49023
288 0.207706 0.616917 0.0374883 -2.52945
323 -0.0263739 0.542151 0.401066 -2.56852
388 -0.0879718 0.131633 0.661938 -2.76882
266 0.338222 -0.0206458 -0.0176105 -2.56995
664 -0.0439522 -0.0586583 0.017918 -2.4183
481 0.159538 -0.0932558 0.575217 -2.65752
168 -0.352969 -0.459915 -0.100291 -2.52636
146 -0.397974 -0.606221 0.0981117 -2.56211
554 -0.0753139 -0.0875351 0.178578 -2.45863
98 -0.28552 -0.295213 0.268113 -2.55618
419 0.383783 0.0537239 0.439253 -2.64488
180 0.643663 -0.178353 0.721151 -2.80119
399 0.036308 -0.0121271 0.710834 -2.72961
758 0.0355678 0.0377698 0.161318 -1.58838
497 0.0947493 -0.0106226 0.110186 -2.34099
676 -0.266582 -0.0913386 0.411003 -2.41545
191 0.262123 -0.123988 0.757634 -2.65948
571 0.194679 0.110195 0.122054 -2.62931
371 0.134981 0.113472 0.795577 -2.7722
367 0.197931 0.0825358 0.662687 -2.55078
157 -0.142661 -0.369349 0.305151 -2.51893
486 0.0468192 -0.0694438 0.540955 -2.54432
197 0.0436617 -0.290085 0.75847 -2.64418
315 -0.0957121 0.268311 0.369849 -2.66791
514 -0.0632649 0.248102 0.363274 -2.41156
596 -0.257837 0.882026 0.438358 -2.79569
13 0.147619 -0.0530259 0.556574 -2.61229
15 0.0359209 0.113619 -0.00264326 -2.48999
405 -0.144139 0.154332 0.254965 -2.35776
545 -0.158573 -0.0334946 0.609676 -2.57251
421 0.551862 0.106991 0.436188 -2.64618
93 -0.446878 0.437782 0.605012 -2.79404
332 0.457591 0.662924 -0.0743275 -2.62578
318 0.279743 0.816144 -0.21641 -2.58215
358 0.0540377 0.672998 -0.222963 -2.56294
10 0.03208 -0.0970797 0.591526 -2.6772
407 0.0533123 -0.107915 0.696706 -2.75037
340 -0.206608 0.136791 0.701112 -2.68619
136 -0.241714 -0.534982 -0.0713325 -2.5589
124 -0.237716 -0.480779 0.158903 -2.62711
161 -0.407626 -0.482374 0.0328557 -2.48965
128 -0.233623 -0.478209 0.0258007 -2.47215
300 0.0655668 -0.181184 0.507616 -2.63866
58 -0.732582 0.0575125 0.699786 -2.76482
121 -0.230112 -0.419799 0.509403 -2.58829
506 -0.112745 0.144804 0.526469 -2.44516
354 0.25296 0.999744 -0.223046 -2.68647
145 -0.404261 -0.41629 -0.144497 -2.51794
19 0.388957 -0.141067 0.615247 -2.7282
278 0.00657369 0.385691 0.453668 -2.63381
60 -0.319964 0.059564 0.653004 -2.69725
185 -0.134829 -0.115934 0.846522 -2.79166
73 -0.402278 0.108697 0.808855 -2.81094
39 0.0149444 -0.00667004 0.123301 -2.48755
0 0.134507 0.0868286 0.192673 -2.61246
24 0.288809 0.602004 -0.171453 -2.63802
210 0.308685 0.765025 -0.323529 -2.59597
338 0.0608907 0.834873 -0.115099 -2.63038
469 0.084654 -0.0997119 0.475171 -2.5818
331 0.113231 0.630852 -0.0591156 -2.54504
336 0.13357 0.827037 -0.0929493 -2.58537
329 0.267067 0.821327 -0.286156 -2.50947
542 0.0883494 -0.00868785 0.182765 -2.46608
562 0.200189 0.13421 0.0468445 -2.55139
735 -0.0129284 0.0622666 0.331324 -1.87301
490 -0.0443182 0.198397 0.105311 -2.57464
171 -0.275343 -0.240487 0.0168291 -2.52829
154 -0.0404507 0.13397 -0.206388 -2.50804
75 -0.64978 -0.341369 0.203122 -2.48183
526 0.456681 -0.0837885 0.348827 -2.59719
537 0.249878 -0.181539 0.583277 -2.4948
422 -0.155819 -0.14227 0.554925 -2.5989
113 -0.257164 -0.675388 -0.0253118 -2.5912
143 -0.217798 -0.421552 -0.0280789 -2.52324
164 -0.131775 -0.445829 0.21503 -2.47498
68 0.346263 -0.186128 0.606742 -2.64105
50 -0.38526 0.284744 0.581876 -2.69268
582 -0.384164 0.643 0.457312 -2.71624
587 -0.365028 0.843105 0.473127 -2.69461
352 -0.0729208 0.757995 0.237439 -2.59279
767 -0.107042 -0.0918486 0.0683093 -2.07476
508 -0.00557652 -0.0954758 0.393659 -2.45017
96 -0.516141 0.0313202 0.849964 -2.70397
215 -0.206669 0.211198 0.750375 -2.75466
626 -0.118424 0.0735654 0.66143 -2.7009
45 -0.109894 0.155422 0.626965 -2.66478
376 0.0286152 0.258927 0.523557 -2.64588
521 -0.213733 0.458485 0.421682 -2.58547
125 -0.234383 -0.440373 0.00138354 -2.45892
149 -0.274492 -0.526468 0.0286079 -2.50003
530 -0.0650001 -0.038103 0.567332 -2.49204
220 -0.0470671 0.119001 0.769476 -2.63959
238 -0.219689 0.254607 0.711917 -2.57015
585 -0.35888 0.643155 0.643349 -2.77472
193 -0.197866 0.681731 0.620994 -2.79507
257 -0.228565 0.679128 0.650596 -2.77655
715 -0.0832308 0.172384 0.306861 -1.61746
289 0.244808 0.284464 0.371213 -2.67658
386 -0.208931 -0.116887 0.281334 -2.32105
28 0.123414 0.74087 -0.24543 -2.65874
71 -0.336071 0.588835 -0.0267295 -2.49618
431 -0.35355 0.221284 0.784587 -2.74049
260 -0.169299 0.0657713 0.753707 -2.73814
434 -0.0173513 0.215941 0.552598 -2.41751
103 -0.241092 0.431617 0.188026 -2.60139
346 0.273344 0.785577 -0.309419 -2.56502
402 0.312521 0.143458 0.58822 -2.6222
380 0.00152804 -0.122768 0.872192 -2.80925
317 0.218692 0.863969 -0.247584 -2.66377
328 0.01186 0.782134 -0.29153 -2.52439
430 -0.519837 0.162769 0.867501 -2.67346
432 -0.201577 0.202637 0.873602 -2.74743
581 -0.387694 0.851058 0.45263 -2.73243
591 -0.250517 0.755461 0.456824 -2.72859
343 0.242046 0.256025 0.241219 -2.41847
739 0.346991 -0.0310438 0.387706 -2.34843
650 -0.213528 0.36247 0.56029 -2.34429
397 0.11076 0.0701678 0.717695 -2.59351
636 -0.325304 0.0126778 0.359482 -2.38427
55 -0.429887 0.09577 0.37422 -2.55986
471 -0.128332 -0.0481355 0.166455 -2.54791
458 -0.378728 -0.0683694 0.347309 -2.38351
692 -0.0866243 0.0695409 0.374062 -1.97255
349 0.132214 0.942709 -0.156936 -2.59775
366 0.154127 0.853948 -0.0205057 -2.4892
344 0.296027 0.966643 -0.36505 -2.68242
604 0.417978 -0.0537176 0.398408 -2.45734
459 0.168093 0.170109 0.378264 -2.52802
378 -0.11328 0.172889 0.75845 -2.76442
470 0.120084 0.172574 0.362371 -2.50882
316 0.359634 0.375031 0.44003 -2.73451
280 0.602944 0.0545899 0.24455 -2.55544
170 0.077806 -0.279839 0.203285 -2.46996
225 0.659388 -0.178015 0.736311 -2.92412
217 0.496074 0.15394 0.301056 -2.57832
283 0.166859 0.125782 0.713813 -2.72094
206 0.649136 -0.384774 0.628154 -2.81829
401 0.26642 -0.0490165 0.697208 -2.73394
656 0.12115 0.200382 0.410257 -2.25592
484 0.196406 0.0224802 0.632948 -2.64835
49 -0.40713 0.0880437 0.582175 -2.6465
192 -0.00785361 0.71507 0.115364 -2.69916
584 -0.243275 0.666071 0.487917 -2.64024
442 -0.332884 0.268695 0.87314 -2.75662
240 -0.0204162 0.163623 0.642463 -2.71349
531 0.630303 -0.0216798 0.349298 -2.6556
408 -0.192071 0.0106616 0.63524 -2.54051
122 -0.300684 -0.554039 0.0438873 -2.53418
675 -0.328838 -0.143658 0.34689 -2.41524
624 -0.0282054 -0.102016 0.157622 -2.3542
142 -0.236886 -0.361792 -0.106612 -2.44485
674 -0.0111593 0.231931 0.369161 -2.27297
480 -0.174237 0.197549 0.67049 -2.69413
714 -0.000127512 0.058077 0.225517 -1.5511
47 -0.590331 -0.0336058 0.618995 -2.68398
30 0.0347045 0.13017 0.0133646 -2.67563
667 0.0068821 -0.18873 0.0917965 -2.55109
305 0.304858 0.489722 -0.104496 -2.64178
568 -0.0253145 0.155666 0.287639 -2.43484
552 0.00393015 -0.125181 0.195599 -2.49444
345 0.161827 0.713771 -0.239359 -2.61705
547 0.259101 0.160308 0.102835 -2.54975
550 -0.145942 -0.0107472 0.185593 -2.46089
557 -0.175149 -0.0324967 0.137519 -2.31224
558 -0.0297546 0.0583481 0.218728 -2.50234
561 0.0504583 0.0367601 0.0686173 -2.40638
364 -0.11875 0.540437 0.634289 -2.83905
462 0.600756 -0.100932 0.356444 -2.63336
118 -0.214266 -0.513116 -0.0352807 -2.46847
384 0.239173 -0.0775281 0.590825 -2.56394
160 -0.0963346 -0.461875 -0.036924 -2.51019
291 0.0535921 0.00573323 0.187145 -2.34138
174 0.362867 -0.0918456 0.30822 -2.64171
198 0.354549 -0.129641 0.813735 -2.86105
752 -0.0430961 0.283036 0.315797 -2.0592
57 -0.638922 -0.0351892 0.6647 -2.56731
77 -0.689778 -0.0690311 0.539428 -2.63586
495 0.195644 -0.192864 0.520101 -2.46841
498 -0.120358 0.129696 0.67968 -2.48426
259 0.0412772 0.0102305 0.652826 -2.64827
46 -0.392966 -0.017254 0.688929 -2.70628
261 0.0309636 0.0342974 0.188279 -2.18143
686 0.105546 0.0829946 0.355122 -1.85442
181 0.206944 -0.123514 0.764844 -2.76372
553 -0.0330385 0.407647 0.615693 -2.56421
373 0.157934 0.122049 0.689209 -2.70104
494 -0.113586 0.283397 0.45809 -2.53265
229 -0.0551197 0.0042573 0.382035 -2.50081
564 0.13578 0.0660062 0.0206437 -2.03591
565 0.117873 0.0461929 0.269067 -2.49397
476 0.104177 0.0332603 0.310056 -2.5509
61 -0.383811 0.0696246 0.443107 -2.64166
645 -0.25019 0.485067 0.46943 -2.41224
544 -0.229958 -0.11023 0.494404 -2.51167
748 -0.130782 0.174513 0.195882 -1.91071
281 0.159064 0.432616 0.435334 -2.58171
576 -0.143685 0.355308 0.536513 -2.53892
616 -0.220697 0.697676 0.288638 -2.53995
438 -0.480739 0.271066 0.757942 -2.75953
522 0.222333 -0.0395959 0.463621 -2.56897
251 0.342462 0.0945083 0.356898 -2.52386
29 -0.0600012 0.154643 0.11401 -2.62343
341 0.160523 0.502503 0.0904959 -2.57963
199 -0.0945074 0.470498 0.51975 -2.71894
207 0.0313852 -0.0577187 0.54302 -2.56674
312 -0.179694 0.66364 0.411391 -2.57603
357 0.21695 0.914393 -0.1972 -2.60195
745 -0.17766 -0.00383385 0.0938221 -1.76697
535 0.486221 0.0521319 0.376777 -2.66535
566 0.050752 0.0631209 0.332075 -2.24018
520 0.211269 -0.0250965 0.447163 -2.65093
162 -0.135262 -0.446836 -0.0485173 -2.50559
483 0.000396566 0.244861 0.740163 -2.52782
518 0.165708 -0.253385 0.382042 -2.54082
423 0.0947017 -0.0509587 0.456785 -2.58533
414 0.188204 -0.00364081 0.284033 -2.45502
393 0.200104 -0.0778294 0.493776 -2.4642
543 -0.0550859 0.172988 0.290277 -2.24464
738 -0.0268201 0.0446299 0.261343 -1.96536
711 0.091899 0.316994 0.490511 -2.41867
72 0.0285152 0.262428 0.260573 -2.4775
135 -0.272581 -0.332338 -0.038613 -2.58523
539 -0.0661187 0.182403 0.328836 -2.47714
548 -0.0959738 0.25827 0.405021 -2.51787
682 -0.00572909 -0.0429548 0.461057 -2.07492
722 -0.228317 -0.0450061 0.217321 -2.07766
385 0.0806045 -0.069947 0.669738 -2.5413
227 0.149394 -0.177057 0.631183 -2.6865
182 0.34904 -0.305347 0.843904 -2.87414
290 0.363456 0.0414743 0.499992 -2.50535
80 -0.541879 0.00500035 0.472065 -2.58549
774 0.00378653 0.145638 0.307427 -1.69986
583 -0.293481 0.399022 0.378512 -2.41419
598 -0.138749 0.529159 0.500325 -2.67084
4 0.00878598 -0.0706886 0.16754 -2.57283
165 -0.441385 -0.37085 0.0336032 -2.55021
577 -0.192337 -0.139168 0.348493 -2.40649
652 -0.278487 -0.0209064 0.181898 -2.37765
166 -0.434202 -0.398784 0.126088 -2.47735
70 -0.298153 -0.435896 0.0720007 -2.56145
347 -0.112543 0.944062 0.0328235 -2.67475
334 0.208842 0.920536 -0.370606 -2.5611
392 -0.0117714 0.19152 0.484298 -2.22894
330 0.338226 0.723083 -0.103952 -2.60894
268 -0.192183 0.0997377 0.915621 -2.73288
232 -0.169432 0.0887037 0.478335 -2.40219
16 0.0877046 0.138855 0.163246 -2.58149
416 0.2664 -0.124872 0.090842 -2.56989
32 -0.0230279 0.0929076 0.340995 -2.60267
377 -0.314308 0.151126 0.792353 -2.68998
365 0.203489 0.813788 -0.0494173 -2.6675
81 -0.656045 -0.0997142 0.491926 -2.48062
653 -0.0837056 0.0727114 0.223072 -2.17173
655 -0.0166711 0.113119 0.239516 -2.08518
389 0.423774 0.118564 0.394423 -2.57763
360 0.0136349 -0.0334652 0.519102 -2.21813
333 0.195094 0.862144 -0.235583 -2.57727
105 -0.761272 -0.136557 0.56307 -2.58793
8 0.132967 -0.0752102 0.228643 -2.28283
363 0.140692 0.94373 0.0327768 -2.69266
694 -0.119553 0.0470049 0.393695 -1.99715
374 0.0812703 0.0934289 0.760461 -2.70966
594 -0.39683 0.811364 0.521723 -2.73491
597 -0.264465 0.740739 0.534525 -2.76107
420 -0.0529097 0.159804 0.219019 -2.07138
424 -0.153999 0.243697 0.504049 -2.13052
52 -0.616138 0.0559643 0.409418 -2.50824
534 0.0149826 -0.139051 0.60741 -2.55547
519 0.230838 -0.0466663 0.548985 -2.6416
104 -0.453869 0.0519002 0.592686 -2.55246
718 0.111716 0.0159569 0.377037 -2.02752
512 -0.342381 0.818009 0.511674 -2.73296
456 -0.307003 0.662262 0.522115 -2.66076
282 0.0274152 0.0691215 0.387291 -2.49262
239 -0.0974252 0.191328 0.210308 -2.38366
130 -0.251761 -0.46203 -0.0218107 -2.47956
148 -0.256965 -0.602401 -0.0609449 -2.44366
172 -0.443107 -0.417235 0.00857875 -2.53585
427 0.18003 0.233362 0.44895 -2.59475
446 -0.386781 0.157738 0.88048 -2.73237
466 -0.115373 -0.148962 0.388669 -2.53014
661 -0.0473535 0.228113 0.102661 -2.38424
74 -0.728347 -0.0839837 0.47742 -2.56791
691 0.165737 0.258789 0.449576 -2.34296
285 0.504728 0.238156 0.292958 -2.64441
468 0.0254083 -0.0592588 0.147799 -2.09771
109 -0.787515 0.166499 0.478426 -2.4939
708 0.0591172 0.0184385 0.230023 -1.85775
64 -0.835274 0.0159939 0.636429 -2.66453
267 -0.0463671 0.0709509 0.340415 -2.23655
595 -0.357759 0.774046 0.596406 -2.75289
555 0.124206 -0.0300777 0.269733 -2.47539
684 -0.0347776 0.104564 0.440538 -2.09255
418 0.128238 -0.020594 0.289659 -2.46684
719 -0.113397 0.0588007 0.316016 -2.0818
235 0.369012 -0.281836 0.712275 -2.79723
621 0.0049012 -0.0924525 0.0381566 -1.65911
500 0.0255653 0.0745525 0.363828 -2.38913
304 -0.449208 0.310197 0.734183 -2.65536
570 0.0261954 0.15372 0.698635 -2.64163
244 0.184206 0.275915 0.264725 -2.52994
301 0.319059 0.324296 0.209634 -2.45572
76 0.143293 0.0235025 0.120004 -2.40798
200 0.140445 -0.0226246 0.634061 -2.48058
628 -0.217183 -0.0657667 0.781331 -2.57856
311 -0.0703818 0.242249 0.276477 -2.14042
524 0.116159 -0.125221 0.433386 -2.57348
342 -0.367648 0.82148 0.474207 -2.74444
351 0.184424 0.87197 -0.164618 -2.56146
757 -0.240961 0.0210765 0.290563 -1.89499
176 0.492524 0.573899 0.00574845 -2.64218
375 -0.0632075 -0.0194633 0.0760748 -2.31798
569 -0.151696 -0.356965 0.0110174 -2.02845
370 0.0155268 0.162721 0.803914 -2.82055
112 -0.12777 0.121126 0.134492 -2.33951
563 -0.10345 0.284122 0.176995 -2.2264
572 0.0990106 0.27091 0.500941 -2.60285
269 -0.0652742 0.418947 0.302532 -2.57296
20 -0.0173136 0.683458 -0.295089 -2.63434
324 0.20736 0.892775 -0.376438 -2.63799
574 0.0960745 0.0995466 0.32057 -1.95509
515 -0.157251 0.125697 0.597445 -2.68414
592 -0.123415 0.081039 0.632576 -2.63989
523 0.609697 0.062652 0.52552 -2.55841
1 0.102591 0.00833067 0.212553 -2.54668
53 -0.733116 0.142113 0.55405 -2.59961
355 -0.104039 0.800976 0.110035 -2.53821
599 -0.351881 0.479092 0.383605 -2.55339
510 0.0827968 0.0570321 0.5503 -2.35178
82 -0.341799 -0.308284 0.0716278 -2.50992
771 -0.239821 0.168017 0.000415218 -1.7386
233 -0.0882027 0.182147 0.506965 -2.18413
464 -0.0180378 0.0604141 0.490286 -2.54875
651 -0.122496 0.189496 0.240278 -2.26129
475 0.226268 -0.050188 0.319124 -2.18558
449 -0.18079 0.137408 0.411234 -2.18042
590 -0.228194 0.184697 0.342504 -2.24395
299 0.117197 -0.0619872 0.0720913 -2.46497
630 -0.0806104 0.215179 0.462138 -2.54778
501 0.147258 -0.118702 0.0546899 -2.51111
6 0.091783 0.0102734 0.371166 -2.35371
463 0.0766597 0.170212 0.277232 -2.66111
264 0.434592 -0.0454808 0.621542 -2.5162
551 -0.0766456 -0.0400018 0.265202 -2.25058
21 0.036021 0.0352043 0.295439 -2.4423
12 0.0867546 0.145169 0.117945 -2.42444
511 -0.0944538 0.0451995 0.260563 -2.07903
586 -0.177681 0.45374 0.512748 -2.47549
743 0.108969 -0.0355518 0.140644 -1.89567
116 -0.284236 -0.529128 -0.0318566 -2.46627
756 -0.315203 -0.0675636 0.126549 -1.97022
33 0.0903614 -0.103459 0.251453 -2.38244
635 -0.134081 0.0444519 0.624759 -2.12993
138 -0.0106724 -0.684105 0.0692219 -2.50374
37 -0.0451986 0.0167849 0.197909 -2.3321
284 0.30168 0.22497 0.0831623 -2.45636
287 0.0170525 0.0354547 0.427062 -2.54524
106 0.0149952 0.0797492 0.423105 -2.22
605 -0.0174306 0.149736 0.369713 -2.26857
398 -0.054303 0.115109 0.406251 -2.09922
265 0.19846 -0.0210394 0.497312 -2.29079
734 0.0830687 0.129986 0.312731 -1.43745
216 0.562713 0.128379 0.3719 -2.69236
781 0.107739 0.152103 0.0697069 -1.7439
223 0.577176 -0.0815851 0.686827 -2.86869
706 -0.0428926 -0.0723139 0.316182 -1.80391
654 -0.211608 0.155331 0.233159 -2.30391
48 -0.537762 0.129102 0.538437 -2.6515
435 -0.446454 0.244787 0.802908 -2.67476
549 0.0105495 -0.055151 0.0644659 -2.54264
538 0.0314011 -0.234488 0.0904543 -2.43826
35 0.0134346 0.0104184 0.0257326 -2.56581
9 0.179381 0.0992584 0.132754 -2.49628
11 -0.0920719 0.114605 0.0159465 -2.45312
155 -0.296693 -0.642373 0.185092 -2.46173
17 0.144171 -0.0140829 -0.0766354 -2.47935
460 -0.122142 -0.0163589 0.191009 -2.18551
776 -0.191771 0.183965 0.289236 -2.09331
461 -0.290561 0.0353782 0.300377 -2.20594
721 -0.0898076 -0.0402786 0.309112 -2.14034
699 0.0352815 0.102569 0.180166 -2.16149
697 -0.21643 -0.0191455 0.0496095 -1.61218
132 -0.16256 -0.44924 0.101817 -2.46387
782 -0.0482888 0.144147 -0.0221276 -1.59925
764 -0.171569 0.0687819 0.251135 -1.94557
629 -0.157076 0.138726 0.52335 -2.3697
348 0.317357 -0.0270706 0.445071 -2.45997
436 -0.10797 0.0876597 0.429473 -2.19369
426 0.0305739 -0.112501 0.675532 -2.55036
681 0.193865 0.230299 0.214203 -1.69317
309 -0.212255 0.238303 0.177538 -2.30308
382 -0.227319 -0.014989 0.525399 -2.53868
395 0.205538 -0.0407256 0.648671 -2.56002
428 0.0618276 0.124606 0.38706 -2.33731
687 0.229363 0.0969919 0.230866 -2.29796
710 0.283641 0.0519679 0.365408 -1.77534
703 -0.24387 0.0455794 0.311111 -2.12286
707 -0.168763 -0.106451 0.209787 -1.71253
137 -0.348587 -0.507974 0.145815 -2.53745
754 -0.128558 0.209474 0.143454 -1.66198
611 -0.0434012 0.428283 0.383261 -2.13098
716 -0.0876369 -0.131175 0.207663 -2.21655
702 -0.187485 0.0515698 0.163791 -2.0717
717 0.043739 0.179372 0.301581 -1.47819
509 -0.483412 0.520632 0.600061 -2.72898
465 0.0737882 -0.0664612 0.414337 -2.16926
457 -0.367265 0.114004 0.73863 -2.62302
640 -0.060105 0.507054 0.267503 -2.45272
573 0.0057537 0.0588879 0.518192 -2.3489
753 0.0117012 -0.109877 0.233616 -1.79718
295 0.00967749 0.146602 0.30612 -2.29
560 -0.237764 -0.0787208 -0.00146526 -2.17719
314 -0.158706 0.185172 0.119864 -2.19351
306 -0.153407 0.181983 0.302318 -2.30243
527 0.321944 0.127159 0.564509 -2.43187
770 -0.102107 -0.0464313 0.258999 -1.77595
737 0.154649 -0.0777148 0.232054 -1.71617
705 -0.0552973 -0.00518069 0.347572 -1.94912
533 0.0788783 -0.262329 0.465643 -2.53356
601 -0.00919912 0.210118 0.428474 -2.31589
602 0.0873644 0.0637632 0.367599 -2.41205
588 0.170949 0.0669705 0.333095 -2.44419
589 0.0824955 0.401722 0.352467 -2.55245
489 0.0912135 0.174079 0.820333 -2.14567
769 0.0107889 0.125174 0.244775 -1.51834
688 0.0135507 0.266789 0.139973 -2.15149
474 0.0216149 0.198012 0.461925 -2.26186
680 0.367285 0.246121 0.429927 -2.55614
663 0.0222071 0.0636805 0.129331 -2.50367
614 0.0300162 -0.0276575 0.391801 -1.81012
473 0.109793 -0.0759812 0.217422 -2.36924
712 0.0522893 0.0957097 0.0922421 -1.83864
201 0.532079 0.0476562 0.419818 -2.57442
709 -0.101173 0.0481342 0.209237 -2.02583
631 -0.207997 0.0431415 0.584183 -2.52395
617 0.29229 0.146862 0.0788012 -2.58633
559 0.126906 -0.248901 0.167343 -2.32433
546 -0.0679879 -0.0291637 0.17707 -2.47526
783 0.00606204 0.0847506 0.230524 -1.66383
34 -0.0582682 0.0320245 0.108449 -2.33183
660 0.129864 0.0564182 0.186721 -1.93875
387 0.084197 0.0437952 0.458002 -2.27672
695 0.0913604 0.228514 0.573767 -2.37007
634 -0.0475349 0.0834786 0.441518 -2.37533
772 -0.0528989 0.187968 0.255052 -1.61064
673 -0.198426 0.0980173 0.313747 -2.16633
749 -0.037803 0.0614076 0.219571 -1.52475
728 0.0860405 0.0881882 0.233274 -2.11984
786 -0.148328 -0.0341378 0.146761 -1.65595
310 -0.0577616 0.40736 0.170663 -2.31759
248 0.0752819 0.18257 0.431627 -1.79329
779 -0.0588399 -0.170957 0.0853543 -1.83708
744 -0.17624 0.213385 0.397216 -1.98922
325 0.00485033 0.160687 0.430318 -2.45736
307 -0.107085 0.0915437 0.203111 -2.30819
606 -0.339881 0.24724 0.182978 -2.13826
760 0.0579782 0.120816 0.281847 -1.66914
243 0.106513 -0.0173573 0.376082 -2.3543
27 0.00378572 0.0722658 0.180124 -2.28539
741 -0.0599203 0.0229754 0.105992 -1.70172
556 -0.213228 -0.0317413 0.0406486 -2.17465
618 0.076052 0.0177084 0.325974 -2.37959
641 -0.102061 0.419772 0.171746 -2.3623
777 0.165279 0.113736 0.196764 -1.77035
298 -0.0290991 -0.0127133 0.277712 -2.27986
775 -0.173962 -0.0835271 0.0918888 -2.18872
690 -0.0663949 0.199124 0.284603 -1.90547
763 0.0190959 -2.08243e-05 0.229909 -1.95188
69 -0.845933 -0.0892987 0.530025 -2.5971
696 0.0192754 -0.00764181 0.277528 -2.00418
657 0.0370153 0.197005 0.555839 -2.12082
95 -0.140222 0.224181 0.343435 -2.38397
648 -0.0367633 0.183264 0.402215 -2.26018
372 -0.0256808 0.0127135 0.324705 -2.14235
768 -0.138186 0.267321 0.382027 -1.63312
622 0.205898 0.0137269 0.0260527 -2.50464
326 0.00423419 0.0283956 0.431573 -1.96472
670 -0.0863084 0.125871 0.485782 -2.22399
679 -0.127564 -0.0401105 0.322962 -1.83856
619 -0.0625795 -0.00757044 0.15561 -2.21951
224 0.0476099 0.117369 0.393122 -2.40847
671 0.131083 0.278876 0.389643 -2.29772
23 -0.0103992 0.145857 0.11802 -2.5228
787 -0.0637281 0.0404069 0.134625 -1.64595
361 -0.00542207 0.217973 0.249337 -1.73128
751 -0.0559021 0.216709 0.328785 -1.993
668 0.0807243 0.0719218 0.1088 -2.48469
726 -0.0969307 -0.0902546 0.123595 -1.73431
659 0.1598 0.191889 0.185378 -2.27544
639 0.0309888 0.244423 0.248971 -1.81569
482 -0.00671725 -0.0352613 0.503854 -2.05257
731 -0.0140094 0.083204 0.246804 -1.81977
658 -0.0453382 0.0759819 0.389315 -1.74673
730 -0.0374888 0.143589 0.209528 -2.09138
729 0.12275 0.0799362 0.227987 -2.04244
292 0.0527189 0.249259 0.178384 -2.1576
610 -0.252304 0.260905 0.274309 -2.23249
765 0.00179989 0.136804 0.0753731 -1.86226
415 0.022509 -0.157653 0.406989 -2.16926
447 -0.00132211 0.126712 0.685405 -2.5519
491 -0.157576 -0.0736735 0.561209 -2.18124
612 -0.185801 0.289217 0.277607 -2.228
732 -0.0370159 0.14823 0.359512 -2.17196
638 -0.145289 -0.0601707 0.238035 -2.28122
778 -0.126348 -0.102957 0.143911 -2.04611
517 -0.0809889 0.252002 0.185716 -2.12547
693 -0.0872701 0.154798 0.456702 -1.97569
567 -0.0732624 0.0661798 0.24336 -2.3309
390 0.0680158 0.115185 0.425453 -1.82317
720 0.0200781 -0.0142534 0.330798 -2.14703
723 -0.0453246 0.0443824 0.213757 -1.97008
736 -0.138963 0.0944656 0.522259 -1.915
700 0.0106176 0.19717 0.362766 -2.25121
627 -0.125357 0.265425 0.373506 -1.62303
672 -0.0654407 0.122463 0.284038 -2.0035
513 0.024597 0.280714 0.182538 -1.96436
685 -0.0192862 0.107062 0.204378 -1.7696
746 -0.0846601 -0.070027 0.123868 -1.99233
773 -0.00449165 -0.0113064 0.298276 -1.4713
689 0.00855132 0.214706 -0.00923748 -1.51977
762 -0.0143735 -0.0110331 0.290774 -1.85395
724 -0.0773955 0.0819001 0.12694 -1.83317
759 0.196932 -0.112447 0.441769 -1.92182
780 -0.0644396 -0.00194185 0.224493 -1.96029
607 0.022093 0.131117 0.235707 -2.35586
750 -0.0772473 0.205265 0.373389 -1.96038
467 -0.25215 -0.0513696 0.180278 -2.2635
755 0.0676541 -0.00932506 0.493676 -1.76485
784 0.0326987 0.0435989 0.242413 -1.57244
733 0.127607 0.136373 0.263687 -1.8283
503 -0.057807 0.0249389 0.194444 -1.75751
615 0.0567636 0.103386 0.0306715 -1.90931
478 -0.202464 -0.122192 0.0864799 -1.91417
14 -0.224119 -0.030527 0.246405 -2.44558
413 -0.00713975 -0.000994368 0.336835 -1.50175
742 -0.0450073 -0.0847281 0.3031 -1.87914
683 -0.119692 0.0854405 0.380065 -2.28331
766 -0.07024 -0.00879451 0.0234635 -1.95711
713 -0.163182 -0.071217 0.126185 -1.76296
704 0.123549 0.0618601 0.159041 -1.6825
417 -0.094218 0.0619695 0.252681 -1.95367
633 -0.148502 -0.143958 0.217622 -1.75034
507 -0.111139 -0.0252172 0.324266 -2.0713
785 -0.0855954 0.212614 -0.0410046 -1.67184
727 -0.0120167 0.0169859 0.0196554 -1.74289
740 -0.0801722 0.094684 0.421997 -1.57348
761 -0.0554457 -0.20493 0.0509769 -1.79505
